100000252|04012|04070|04150|04210|04370|04630
100000342|04010
100000479|04120
100000522|04210
100000544|04020
100000648|04120
100000709|00310
100000720|04012|04110
100000775|00251|00550|00910
100000836|03010
100000859|00071|00280|00310|00380|00410|00632|00640|00650|00903|00930
100000978|00230|00240|03020
100000981|04020
100000997|00230|00240|03020
100000999|03010
100001002|03410
100001198|04140|04150
100001219|00290|00970
100001302|04120
100001316|04130
100001424|04630
100001425|03420
100001456|04010
100001530|04020
100001532|00562|04020|04070|04310
100001552|00440|00564
100001615|04340
100001636|04020
100001914|04120
100002035|00650
100002038|04020
100002145|00430|00450|00460|00480|00590
100002155|04010
100002225|04010|04012|04370
100002261|03022
100002263|00562|04012|04070|04150|04210|04370|04630
100002318|04010|04370
100002366|00052|00500
100002384|00190
100002479|04630
100002515|04350
100002627|04020
100002812|00051|00530|00730|00740
100003329|04010
100003342|04020
100003383|00100
100003535|04020
100003539|04020
100003570|00511
100003587|04120
100003679|04120
100004036|04012|04070|04150|04210|04370|04630
100004076|00830
100004116|04350
100004133|03420|04115|04120
100004321|04115|04210
100004358|04630
100004455|04630
100004540|00190
100004566|00190
100004576|04010
100004770|00310
100004831|04020
100004938|04020
100004967|04210
100005158|00190
100005387|03030
100005409|00430|00450|00460|00480|00590
100005446|04010|04210
100005449|04350
100005496|04010
100005587|00010|00053|00071|00120|00220|00280|00310|00340|00380|00410|00561|00620|00640|00641|00650|00903
100005675|04020
100005681|04020
100005717|00071
100005761|00310
100005763|00240|00983
100005981|04310
100006002|00190
100006041|04310|04350
100006048|00562|04020|04070|04310
100006132|04010|04310|04370
100006166|04010|04310|04370
100006208|04010|04310|04370
100006223|00562
100006232|03050
100006249|00533
100006283|00310
100006350|00310
100006589|00020|00480|00720
100006595|00480
100006675|04010|04012|04020|04070|04310|04370
100006682|04110|04115
100006778|04630
100006858|04310|04340
100007027|04020
100007048|04210
100007176|04012
100007662|04120
100007670|00534
100007677|04012|04020
100008352|00512
100008368|03410
100008541|00380
100009660|00601
100034366|00590|00591
100034540|04010
100034610|00791
100036550|04630
100036767|00310
100037312|00600
100037315|04020
100037316|04140|04150
100037336|03030|03420|03430
100037338|00562|04070
100037384|04120
100037391|04115|04120
100038774|04020
100038785|00190
100049158|04110
100073331|04120|04210
100073345|00190
100126021|00290|00970
100126123|04010
100126803|04140|04630
100134935|04630
100134971|04630
100134973|04630
100134976|04630
100135062|04210|04630
100135755|04630
100141344|00380
100147922|04020
100148080|03430
100148385|04010|04310|04370
100148483|04020
100148522|00251|00252
100148534|00910
100148642|00563
100148744|00562|04070
100148840|04310|04340
100148874|04110
100148915|00030|00480
100148922|00052|00500
100148947|03030
100148976|00230|04020
100148995|04020
100149010|04010|04370
100149100|04020
100149268|00230|00240|03020
100149316|00010|00272|00620|00640
100149325|03050
100149328|00562|04020|04070|04310
100149336|03050
100149388|04020|04070
100149467|00190
100149482|04020
100149532|04010|04370
100149745|04115
100149794|04010|04012|04150|04210|04370|04630
100149942|03022
100150091|00601
100150304|00230
100150427|04020
100150602|04010
100150680|04020|04070
100150762|03050
100150938|00010|00272|00620|00640
100150995|04350
100151000|04010|04012|04370
100151024|00620
100151103|04330
100151125|04010|04020
100151166|00190
100151242|04010|04020
100151249|04130
100151416|04012|04110|04115
100151621|00330|00970
100170782|00533
100170827|00290|00970
100170938|00564
114401|04210|04630
114420|03010
114426|00220|00480
114427|00290|00970
114433|04115|04150
114437|04630
114445|04120
114464|04130
114549|00564
114550|04020
114551|00010|00230|00620
116517|00010|00071|00120|00350|00624|00641|00680|00830|00980|00982
116713|00830
116991|00040|00053|00500|00520
117510|04310
117604|04110
140421|04330
140422|04330
140423|04330
140425|00230
140512|00190
140519|00190
140520|00190
140531|00190
140532|00190
140533|00190
140534|00190
140535|00190
140536|00190
140538|00190
140539|00190
140540|00190
140541|00190
140615|00592|01040
140620|00030|00230
140621|04010|04115|04210
140622|00230|00670
140634|00380|00830|00980
140744|00330
142986|04012|04370
170581|04010|04020
170784|04120
171473|04115
171585|03050
192295|04110
192297|03010
192299|03010
192300|03010
192301|03010
192302|04110|04330
192305|00230|00252
192307|04310|04340
192309|00010|00051|00562
192315|00500|00520
192320|00230|00240|03030|03410|03420
192321|04020
192322|04020|04070
192323|03030|04110
192333|03030|04110
192334|00532|00534
192335|00190
192336|00190
192338|03030|04110
192341|04120
195819|03010
195824|00190
245949|04310
245950|04020
246093|04350
246094|00010|00030|00500
246095|00010|00030|00500
246226|00590
246227|00590
252849|04350
252850|04350
259189|00350|00643
259256|03030|03420|03430
259258|04020
260437|03430
260440|04020
260441|00630|00670
266599|04350
266749|04010|04012
266756|04010|04370
266794|04115
266799|00220|00260|00330
266992|00240|00251|00252
280647|00300|00970
280648|00830
280649|04110
282672|00010|00030|00051
286745|00790
286747|03030|04110
286748|00533
286777|00790
286779|00190
30068|00380|00680
30083|00230|00240
30084|00230|00240
30085|00230|00240
30086|00230|00240
30093|04010
30095|00330
30100|04120
30105|04310|04340
30120|04330
30122|04310|04340
30123|04310|04340
30128|04310|04340
30131|04330
30138|04330
30141|04330
30145|04350
30154|04340
30158|04330
30161|04350
30164|04350
30171|04310|04340
30181|04340
30183|04010|04350
30188|04110|04115
30197|04310
30206|04310|04330
30207|00350|00740|00950
30221|04310|04330
30222|04110|04115|04310|04630
30225|04340
30262|04140|04150
30265|04310
30269|04340
30275|04350
30280|04630
30283|04310|04340
30288|04330
30298|04630
30299|04340
30307|04630
30308|04310|04340
30331|00910
30354|00561
30366|04310
30369|04310
30370|04310
30380|04010|04012|04370
30381|00830
30384|00350
30387|03050
30388|03050
30390|00150
30428|04310
30430|00271
30440|00230|00240|03030
30442|04020
30444|04340
30450|04110|04120
30457|04350
30467|04010
30476|04310
30488|04310
30493|04350
30496|00010|00272|00620|00640
30497|00010|00272|00620|00640
30502|04310
30505|00350
30510|04310
30523|04310
30538|04010
30544|04310
30549|04010
30560|04010
30575|04010
30584|04340|04350
30590|04010|04110|04115|04210|04310
30612|04340|04350
30615|04350
30617|00860
30622|04120
30628|04350
30632|04340|04350
30637|04110|04115|04120
30639|04110|04310|04350
30641|04350
30642|04350
30643|00071|00072|00280|00310|00380|00620|00632|00640|00650
30647|03050
30648|03050
30649|03050
30654|04012|04110|04310|04340
30659|00271
30665|03050
30666|03050
30671|04010
30678|03030|03410|03420|03430|04110
30681|04010|04370
30682|04150
30685|00380
30701|04310
30704|04010
30705|04010
30711|04130
30712|04130
30716|04010|04012|04370
30718|04330
30733|00230|00240|00480|04115
30739|04010|04350
30740|00230|00240|00480
30742|04350
30745|04010|04020
30754|04310
30767|04630
30768|04630
317679|04310
317737|00251|00330|00471|00910
317738|01040
317740|00230|00240|03030
317743|00010
317744|00271
317745|00230|00983
317746|00020|00640
317747|04310|04350
321084|00271
321107|04010
321127|00790
321193|00230
321218|00563
321364|04350
321485|03022
321544|04120
321585|03050
321621|00260
321622|03410
321664|00010|00030|00051
321689|04120
321720|00230|00240|00760
321724|00190
321729|04110
321793|00230
321808|04020|04070
321852|04330
321875|04115|04120
321898|03050
321928|00260
321947|03050
321948|00790
321951|00190
322013|04010
322055|00260|00271|00272|00450|00910
322059|00230|00240|03030
322060|04110
322089|00240
322106|04340
322126|04020
322228|00260|00271
322229|00230
322265|03050
322269|03050|03440
322339|00020|00630
322372|00350|00643
322420|00530
322506|00100
322513|00530
322549|00190
322571|03010
322605|00440|00564|00565
322609|00604
322614|00220|00330
322626|00150|01040
322660|00240|00410|00770|00983
322670|00020|00630|00720
322732|00590|00591
322780|00530
322811|00190
322854|04110|04120
323055|04110
323099|04210
323105|04130
323107|00010
323239|03022|03420
323305|03010
323329|00271|00450
323365|03010
323630|04310|04330
323653|00010|00053|00071|00120|00220|00280|00310|00340|00380|00410|00561|00620|00640|00641|00650|00903
323723|00271
323735|04130
323883|04110|04120|04310|04350
323974|03022
323994|00563
324015|04120
324052|00512
324088|00230|00240|03020
324089|04120
324098|04115
324125|04010
324137|04115
324142|04330
324153|03022
324188|00830
324201|00010|00020|00620
324243|04120
324254|04012|04150
324256|04110
324307|00190
324323|03420
324366|00480|00980|00982
324407|00532
324486|03022
324510|00512
324556|00030
324560|00530
324569|04130
324655|04120
324823|03022
324845|00230|00240|00760
324940|00252|00970
324947|00450
325034|04010|04012
325084|04012|04370
325179|00562|04070
325316|00563
325361|04010|04020|04210|04310|04370
325402|00190
325470|04120
325494|00330|00970
325561|00510
325618|03010
325712|00190
325832|03022
325875|00561|00830
325922|00830
326282|04350
326687|03050
326729|00790
326857|00480
326884|03050
326906|00310
326954|01040
326961|03010
326962|00190
326975|00190
326977|00190
327007|04130
327060|04110
327067|04020
327075|00600
327078|00230|00240|03020
327089|03010
327165|00010
327204|04010|04310|04370
327246|04010
327277|04130
327321|04010|04370
327322|03420
327330|03050
327335|03060
327346|00051|00530|00730|00740
327379|04020|04070
327417|00150
327462|00051|00120|00260|00591|00650
327471|04110
327491|03030|03420|03430|03440
327507|00520
327512|00260|00750
327590|00240|00983
327599|04010|04020|04210|04310|04370
327601|00510
333974|00480
333979|04630
333997|00230
333999|04310
334010|04630
334055|03022
334082|00380
334116|00010
334121|01040
334133|04120
334161|00510
334167|04010
334195|00271|00450
334197|00010|00053|00071|00120|00220|00280|00310|00340|00380|00410|00561|00620|00640|00641|00650|00903
334208|00620
334270|00561
334283|00790
334315|04110
334373|04120|04310|04340
334390|04310|04370
334393|00290|00970
334420|00040|00052|00500|00520
334431|00230|00252
334494|00785
334582|04020
334627|04120
334669|00230|00240|03020
334839|03022|03420
334854|03022
334897|00030|00040
334932|04115
335025|00190
335153|00310
335191|00190
335195|04110
335226|04120
335231|00010|00030|00051
335444|04120
335494|00511
335495|03410
335538|00510
335539|03010
335573|04630
335709|00190
335715|00020|00620|00630|00720
335716|00230|00240
335751|00190
335774|00190
335817|00010|00230|00620
335859|00061
335916|04010|04012|04310
335974|00251|00252|00272|00330|00350|00360|00400|00950
335985|00510
336118|00190
336121|04020|04070
336197|00190
336257|00760
336281|04130
336425|00010|00030|00051
336473|00251|00550|00910
336526|00601
336550|03010
336553|00530
336606|00062|00071|00120|00280
336619|04150
336632|04140
336641|03010
336662|03010
336687|03010
336702|03010
336710|03010
336712|03010
336713|03010
336719|03010
336726|03010
336727|03010
336764|03010
336786|03050
336798|00100|00900
336812|03010
336839|04010|04370
336957|00190
336977|00620
336998|04110|04115
337007|03010
337010|03010
337070|00330|00970
337090|03010
337131|00512
337148|03010
337167|04150
337230|00260|00970
337236|00562|04070
337240|03010
337412|00280|00290|00770
337489|00562|04020|04070
337598|03030|04110
337599|00271
337670|04010|04150
337685|00512
337690|00562|04070
337810|03010
338183|00271|00450|00970
338219|04010|04150
338306|00230|00983
352924|00240
352926|00480|00590
352928|00480
352929|00480
352930|04340
352938|04020
352940|04010
352943|00380
353247|04020
353314|04010
359830|04010
359834|04010|04110|04350
359837|04310|04340
359839|00190
359840|00190
360134|04140|04630
360144|04010|04012|04150|04350|04370
368199|04020
368213|00620
368217|04020|04070
368220|00230
368221|04115
368229|00051
368235|00400|00970
368239|00010|00053|00071|00120|00220|00280|00310|00340|00380|00410|00561|00620|00640|00641|00650|00903
368242|00380
368243|04010|04370
368249|04310
368250|04310
368262|00020|00310
368284|00272|00970
368316|04110|04115
368329|04110
368415|00562|04070|04115
368425|04120
368433|00562|04070
368438|04630
368475|04020
368481|04630
368519|04630
368620|02010
368775|00280
368882|03022
368907|00190
368912|00062|00071|00280|00310|00380|00410|00632|00640|00650|00903|00930
369193|00010|00030|00051
369194|04010|04110|04350
369195|04010|04110|04350
369197|04012|04630
373093|04210
373103|04010|04012
373107|04120|04210
373108|04120|04210
373114|04210
373121|04010
373124|00562|04070
373125|04210
373130|04210
373131|00140|00150
373867|00562|04012|04020|04070|04370
373876|00230
373878|04310
373879|04020
373881|04310
373883|00380|00980
378441|00251|00252|00410|00430|00650
378446|00100
378450|00534
378478|04010|04012|04020
378480|04010
378713|00030
378727|00010|00020|00620
378746|04020
378847|00271|00670
378866|04150
378960|00561
378961|03010
378962|00400
378963|00010
378968|00251|00252|00410|00640|00650
378972|04010|04012|04150|04210|04370|04630
386637|03022
386661|01040
386663|00051
386705|04012|04370
386707|03030|03410|03450
386772|04330
386801|00565
386808|04330
386951|00020|00480|00720
386966|04012|04020
386967|04630
387296|04020
387297|04020
387298|04020
387300|04020
387301|04020
387303|00603
387530|00271|00450
393096|00561
393105|00062|00071|00280|00310|00380|00650|00930
393113|00240|00983
393115|03410
393123|00970
393128|00511
393132|04210
393135|00062
393141|04010|04012|04310|04350|04630
393148|04110
393159|04130
393162|04110|04115
393186|04020
393195|03030
393196|03030|03420|03430|03440
393201|00230|00240|03020
393202|04150
393218|03450
393223|04110|04120
393236|04130
393241|03030
393253|03410
393257|00230|00240|03020
393261|03050
393287|04010|04210
393293|00140|00150
393294|04130
393305|00630
393313|04120
393314|04120|04630
393346|04130
393361|00563
393400|00500
393417|04210
393423|00220|00252|00330
393425|01040
393443|03420
393445|04120
393448|00563
393455|00630
393461|00051
393462|00010|00053|00071|00120|00220|00280|00310|00340|00380|00410|00561|00620|00640|00641|00650|00903
393478|00190
393487|00770
393490|00230|00240|03020
393497|00190
393500|04330
393515|04130
393518|03050
393526|00220|00271
393528|00785
393536|03420
393538|00230|00240|03020
393539|00830
393544|03050
393548|04010|04110|04115
393559|00230|00251|00983
393580|00830
393586|04010
393589|00330|00970
393598|00510
393599|03420|04120
393614|04010
393622|00071
393632|03430
393641|00230
393649|00510
393668|00010
393675|00190
393677|00380
393686|03010
393697|00230
393700|00190
393702|04150
393703|00190
393706|00190
393710|03010
393713|00230
393714|00272|00430
393715|03010
393716|04110|04120|04310|04350
393720|00190
393722|00564
393723|03010
393725|03010
393732|04150
393738|03010
393745|00380|00970
393753|00770
393759|03450
393764|00190
393774|00230|00240|03030|03410|03420
393776|00190
393778|00360|00680
393781|00190
393782|00510
393788|03010
393793|00190
393799|00330
393818|03010
393821|00190
393829|00190
393836|04130
393846|04140
393854|04010
393860|00071|00310|00380|00632
393867|00230
393884|00020|00190
393885|04310|04350
393886|04110
393887|00051|00120|00260|00591|00650
393900|03420
393906|00230|00240|00760
393907|04110|04120
393912|00600
393921|00563
393922|03050
393926|00020
393931|00564
393934|04120
393935|00190
393937|04020
393938|00020|00720
393940|04020
393941|03050
393943|00190
393949|03410
393953|04010|04012|04020|04070|04310|04370
393963|03060
393966|04120
393970|00220
393972|04012
393982|00361|00790
393983|00051
393984|00650
393997|00561
393998|04010|04020|04210|04310|04340
394000|00010|00030|00052|00500
394009|00220|00271|00410|00480
394011|04130
394020|00790
394021|00260|00460|00670|00680
394026|04340|04350
394027|03010
394033|00565
394035|03010
394036|03010
394043|00980
394055|00220|00271
394060|00072|00280|00650
394067|04130
394071|03060
394075|00562
394077|00230
394097|03010
394099|04010
394110|00190
394114|00600
394119|03440
394121|03010
394124|04110
394129|00860
394130|00280
394133|00251|00330
394138|00252|00910
394142|00350|00360
394146|04010
394151|00190
394154|00260|00970
394155|00500
394156|00071
394161|00564|04070
394162|00230|00240|03020
394166|03010
394170|00230|00240
394174|00562|04012|04070|04150|04210|04370|04630
394181|00190|00860
394188|00251|00970
394190|00072|00280|00650
394194|03010
394198|04010
394199|04020
394230|00604
394240|00271|00450
399479|00010|00020|00260|00280|00620
399480|04010|04012|04150|04350|04370
399481|00010|00053|00071|00120|00220|00280|00310|00340|00380|00410|00561|00620|00640|00641|00650|00903
399483|04110
399486|03030|04110
399487|04110
399546|04370
399662|00020|00620|00630|00720
399692|00140
402799|00600
402810|04330
402822|00260
402827|00630
402842|00150
402843|04310
402862|04110
402868|00750
402874|00010
402880|00190
402914|04330
402920|04020
402942|00563
402945|00051|00120|00260|00591|00650
402953|00230|00240|00760
402958|00051|00530|00730|00740
402961|00190
402979|00240|00983
402981|00530
403000|04150
403003|04010
403011|03050
403012|04110
403015|03050
403035|03022
403036|04140
403042|04340
403045|04010|04012
403046|00251|00550|00910
403049|04150
403051|00500
403052|04010|04012
403060|04110
403063|04012
403064|04110|04115|04210
403065|04010|04012|04150
403068|00510
403079|04115
403081|00533|00601
403084|04010
403086|00251|00252
403145|04210
403146|04010|04012|04150|04210|04370|04630
403310|04010|04020
403338|00260
404036|00330|04020
404206|04110
404211|04012|04070|04150|04210|04370|04630
404231|04010
404232|00532
404608|03440
404620|00564|04070
404623|00240
404626|04010
404633|00601
404730|00220|00260|00340|00350|00360|00380|00982
404731|00860
404732|00532
405770|04010|04210
405776|00534
405785|04010|04210|04350
405790|03050|04140|04350|04630
405791|04010|04020
405800|00260|00330|00472
405822|00010|00030|00052|00500
405823|04310
405829|00240|00410|00770|00983
405846|04130
405861|00280|00640
405863|00280
405884|00310
405888|03010
405889|03010
405894|04210
405897|03420|04110
405898|04012
406203|04310
406255|04120
406259|00230|00983
406265|00561|00564|00565
406266|03010
406278|00480
406283|00071|00280|00410|00640
406290|00562|04070
406298|00190
406299|00020|00640
406301|00190
406306|00190
406307|03010
406308|04010|04012|04630
406311|04012|04070|04150|04210|04370|04630
406325|00062|00071|00120|00280
406330|00251|00252|00272|00330|00350|00360|00400|00950
406335|04120
406339|00010|00051|00052|00500|00530
406340|04010
406342|00190
406349|04012|04150|04350
406353|04110|04120
406359|00190
406383|00240
406385|00600
406387|03010
406405|00020|00620|00630|00720
406408|00510
406411|04310|04350
406413|00190
406419|04110
406421|00071|00592|01040
406428|00010|00020|00290|00620|00650
406435|03030|03420|03430
406443|04110
406445|03050
406462|04110
406463|04210
406470|00565
406471|04010|04210
406473|00010|00020|00620
406477|00512
406479|04110
406485|03010
406487|03440
406489|03010
406496|00010|00030|00051
406513|04630
406523|04010
406528|00260
406529|04020
406533|04340
406554|00350|00360|00561|00564|00565|00624|00632|00903
406558|00230|00240
406565|03010
406575|00590
406582|04310|04350
406590|00230
406593|03450
406596|04120|04630
406598|00562|04012|04070|04150|04210|04370|04630
406599|00190
406603|00230|00240|00760
406604|04010
406606|04120
406610|04310
406619|00760
406624|00790
406637|03440|03450
406648|00062
406651|00340|00350|00360|00380|00950
406652|03060
406659|04310|04350
406660|04020|04070
406662|00100
406666|04012
406667|00562|04070
406672|04120
406685|04310|04350
406686|03010
406688|00251|00252|00272|00330|00350|00360|00400|00950
406695|04110
406696|00010
406697|03410|03450
406702|00010|00020|00290|00620|00650
406707|04130
406712|04120|04630
406715|04110|04115
406721|03440
406726|00190
406728|04010|04012|04370
406730|03410
406731|00040|00053|00150|00500|00830|00860|00980|00982|00983
406734|00561|00564|00565
406741|04350
406746|00790
406762|00030|00480
406768|04210
406776|04120
406778|03430
406791|00010|00051|00052|00500|00530
406794|04120
406795|00790
406807|04120
406813|04110|04350
406816|04110|04120|04310|04350
406822|04150
406825|04120|04310|04340
406839|03440
406840|04115
406845|03430
407076|00532
407614|00510
407639|04630
407651|04630
407653|00230|00240|03030
407659|00533|00601
407673|00030
407690|03010
407712|00380
407713|03022
407715|00604
407737|04010
407989|00230|00252
408255|00010
414331|00100
414848|04330
415099|04010|04210
415100|04010
415135|04130
415141|04130
415148|04120
415151|04010|04310|04370
415155|04020
415158|04115|04210
415162|04120
415163|04130
415165|04110|04115
415168|03010
415175|04020
415181|03050
415185|04010|04370
415193|04140
415202|03050
415207|00030
415208|03022
415216|00230
415221|03050
415229|03010
415235|04150
415242|04010
415243|00190
415247|00020
415253|00190
415254|04310
431720|04010
431723|00260
431724|00230|00983
431727|00510
431739|00530
431754|00071|00120|00280|01040
431769|04012
436588|00230|00240|03020
436597|00830
436602|04120
436604|00230
436605|04130
436608|04010
436646|00010
436647|00280|00562|00640
436664|00330
436672|00010|00020|00290|00620|00650
436692|00230|00240
436713|04120
436718|04310|04350
436729|00310
436733|00510
436747|00010|00272|00620|00640
436759|03010
436762|00020|00190
436768|00190
436794|03060
436799|00190
436805|04130
436815|04012|04020|04310
436816|03050
436817|00230|00240|03020
436821|03022
436826|00230|00240|03020
436837|03022|03420
436838|00563
436842|00983
436850|00020|00640
436862|03050
436866|04210
436873|04120
436882|03050
436884|00150|00340|00350|00380|00440|00450
436893|00130
436903|00010
436904|04210
436914|00010|00620|00640|00720
436919|00230
436922|00020|00720
436925|04010
436930|00190
436932|03030
436933|04115
436949|00280|00290|00770
436958|00561|00564|00565
436968|00190
436981|00230
436989|00230
437018|00562|04070
437019|00280|00640
437022|00350
437027|04010|04310|04370
442923|00072|00280|00650
445022|00532|00534
445028|03010|04150
445030|03050
445033|03050
445042|00190
445053|03010
445060|00532|00534
445076|04010|04020|04210|04310|04340
445094|00010|00230|00620
445098|04012
445100|04120
445121|00062|00071|00280|00310|00380|00650|00930
445122|00190
445124|00533
445129|00020|00190
445151|00230|00240
445167|04130
445170|00230|00240|03020
445182|00280
445198|00310
445202|00510
445208|04012|04020|04310
445229|00350|00360|00564|00624|00632|00903
445232|04020
445233|00620
445234|04010|04012
445242|00340
445250|00511|00600
445284|03420
445285|03050
445287|00350|00360
445288|00071|00280|00650
445289|04010|04012|04370
445290|00071|00072|00280|00310|00380|00620|00632|00640|00650
445291|00190
445297|04020
445327|00510
445373|04630
445376|00510
445381|04630
445385|03030|03420|03430
445387|00790
445405|00260|00970
445412|00230|00240|03020
445413|03050
445474|04012|04630
445480|03410
445486|00230
445487|00511
445492|00740
445493|04130
445500|00020|00190
445501|04110|04120
445505|00010|00030|00051
445562|00512|00533|00603|00604
446119|03060
446135|03050
447802|00130
447814|04010|04020|04210|04310|04370
447818|03022
447836|00010|00030|00051|00052
447840|00562|04070
447846|04350
447847|00340|00970
447855|00252
447857|03022|03420
447864|00220|00252|00330
447891|00100
447892|04130
447913|00190
447914|00190
447919|00760
447928|00240|00983
447942|00190
448859|04140
449545|00252
449547|03010
449548|04310|04350
449646|00230|00240|03020
449655|00190
449660|04010
449661|00260|00970
449663|00564
449784|00480|00980|00982
449787|00190
449811|03420|04120
449831|00562|04070
449835|00240
449846|03420|04110|04120|04310|04350
449848|03450
449864|04020
449878|00271
449945|00500
449992|00230|00240|03020
450000|00260|00670|00910
450016|00440|00564
450050|00830
450072|00510
450078|00062|00071|00280|00310|00380|00650|00930
450080|03420
450083|00052|00561|00600|00603
450084|00480
474321|00530
474331|00510
492361|04150
492364|04012|04120|04630
492463|03410
492466|00051
492468|04115
492477|00100
492486|04020
492518|00380
492549|00562|04070
492719|00620
492763|04115|04210|04370
492768|04110
492796|00510
492808|04130
493602|00600
493605|00190
493608|00400|00970
493609|04010|04012|04630
493624|04350
493633|04330
493780|00534
493783|00534
493916|00500
494046|04110|04120
494056|00230
494065|00240
494067|00530
494092|04340
494094|00251|00550|00910
494102|00100
494180|04140
494449|04330
494479|04115
494489|04020
494577|00190
497279|00534
497280|00534
497281|00534
497616|04330
497642|04010
503534|04120
503745|00380|00970
503748|03030|03420|03430
503759|00361|00740
503761|04340|04350
503763|04110
503776|04110|04310|04330|04350|04630
503869|04012
504044|00601
541323|04010
541325|03420|04110
541328|00190
541331|00190
541342|00310
541374|04210
541386|03420
541388|00280
541390|00190
541400|00565
541402|00252|00460|00910
541414|03440
541483|00271|00450
541493|04630
541502|03420
541511|00562|04070
541516|00350|00360|00564|00624|00632|00903
541519|00511
541530|04010|04210
541536|04010
541538|00230|00240
541539|00361|00790
544653|03450
544655|03440
544664|04012|04020
548343|00052|00511|00531|00561|00600|00604
548346|00562|04070|04140
548605|04310|04330
548607|00532|00534
550242|00760
550258|04110
550263|00230|00240|03020
550266|00600
550270|04020
550274|03030|03410|03450
550287|03050
550325|00350|00360|00564|00624|00632|00903
550327|00440|00564
550328|04120
550332|00240
550338|00860
550370|00760
550372|00380|00630
550404|00564
550411|00632|00903|01040
550422|01040
550434|04110
550436|04012|04020|04310
550451|00190
550464|04120
550488|03050
550499|03050
550502|00230|00252
550504|03030|03430|03440
550505|04210
550513|04010
550531|00190
550537|04150
550548|04010
550550|00062
550554|04010|04020|04210|04310|04370
550560|00230|00240
550577|04130
550579|00020
550585|04310|04350
550597|04115
552927|04210
552981|00480|00590
553029|03440|03450
553162|00534
553187|00271
553189|00271
553210|00601|00603|00604
553266|04010
553292|00310
553327|04120
553347|00230|00240|03020
553353|04210
553359|04350
553387|00550
553395|03440
553405|00230|00240|03030|03410|03420
553421|04330
553460|04130
553489|04020
553508|00600
553534|00150|00340|00350|00380|00440|00450
553569|00511|00600
553595|00562|04070
553597|04010
553610|00230|00240|03030|03410|03420
553629|00562|04070
553634|04210
553639|00230
553645|00330
553646|00600
553652|04115
553655|00500
553656|04010|04012|04370
553660|00190
553668|00512
553671|00230
553672|00190
553675|04020
553683|00350|00360|00564|00624|00632|00903
553685|00530
553687|00051|00530|00730|00740
553689|04115
553691|00190
553705|00230|00240|03020
553725|00510
553733|00230|00240|03020
553734|01040
553755|00190
553767|00190
553778|04340
553788|04010|04310
553789|03410
553816|04350
553944|00600
553957|04630
553969|00361|00591|00830|00980|00982|00983
553978|04020
554036|00830
554099|00230|00240|03020
554100|00190
554101|00190
554103|00190
554124|00280
554125|00190
554130|04130
554135|00190
554136|00790
554140|04140
554143|00530
554152|04340
554153|03050
554154|00190
554171|03440
554204|03410
554230|04370
554509|04110
554561|04010|04120
554967|03050
555308|00071
555401|00220|00340|00380
555443|00562|04020|04070
555452|03022
555482|04020
555517|04330
555576|04020
555623|00220|00251|00330|00910
555650|04010
555655|04350
555703|04010
555899|00562|04070
555939|04020
555941|04010|04020
555974|04010
556032|00562|04020|04070|04310
556057|00561|00564
556086|00310
556087|04310|04340
556136|00051|00530|00730|00740
556160|04020
556172|04010
556199|04020
556236|00061|00620|00640
556237|00510
556277|04012|04120|04630
556286|04010|04012|04630
556291|00530
556315|00051
556326|04630
556417|04350
556431|04020
556443|04010|04012
556456|00230|00240|03030|03410|03420|03430|03440
556506|04010
556522|00220
556528|00830
556535|00310
556554|00252|00271|00280|00350|00360|00380|00400|00950
556556|03010
556680|00271|00670|00970
556702|00400|00970
556710|03022
556800|00532
556843|04020
556849|00230|00240
556864|04120
556903|04630
556956|00562|04070
556971|00100
556979|02010
556995|03030|03410|03420|03430
557111|00534
557121|04120
557166|00380
557176|04012|04070|04150|04210|04370|04630
557194|04020
557208|04310
557218|00532
557232|00252|00340
557240|00100
557302|04115|04210
557353|04020
557363|03022
557430|04020
557451|04310
557472|04120
557513|04120
557526|04010|04210
557567|04340|04350
557675|00512
557688|03050
557716|00220
557810|04010|04370
557834|00230|00240|00983
557882|04012|04110|04310|04340
557902|00230|04020
557926|04010|04020|04210|04310|04370
557968|04110
557972|00230|00240|00760
557979|00300|00310|00380
558084|00534
558088|00071
558147|04340
558154|04150
558248|04020
558312|03010
558321|04010
558335|02010
558350|03440
558373|00534
558402|04110|04120
558403|03410
558432|04630
558455|00290|00970
558460|04020
558477|04020
558479|04120
558487|00010
558524|00510
558525|04020
558619|04115
558716|00512
558848|04140|04150
558878|04020
558951|03410
558966|04115
559001|00061
559020|00590|04370
559054|00100
559073|00512
559080|02010
559089|04020
559103|04070
559111|04110|04310|04350
559148|00590
559201|04020
559207|00020|00310|00380
559247|04010
559273|04110|04310|04330|04350|04630
559315|04020
559336|04330
559403|00061|00620|00640
559425|04115|04210
559439|04120
559504|00130
559529|04010|04020
559535|03030
559537|00450
559634|04120
559656|00071
559665|04110
559806|04020
559850|00511|00600
559873|00510
559945|00310
559959|00531
559964|04010|04020
559969|00280
560000|00071
560006|00562|04070
560032|04310|04330
560060|04310
560100|04020
560194|04012|04110|04310|04340
560210|04010
560211|04010
560212|03440
560287|04020
560313|03420|04120
560317|04110|04310|04350
560360|00562|04070
560410|00230|04020
560455|04150
560477|03420
560482|03440
560549|04010|04012|04150|04210|04370|04630
560560|04110
560561|04020
560578|04010|04350
560653|00230
560657|04330
560682|00330
560753|00010|00051|00562
560788|03410
560808|04020
560826|00532
560827|00030|00230
560828|03010
560913|04010|04012
561006|04010
561043|00510
561059|04110|04120
561172|00601
561239|00511
561267|03050
561350|04020
561410|00271|00350|00360|00400|00950
561416|00010|00030|00051|00052
561434|04010
561491|04020
561509|00510
561534|04350
561535|04115
561635|04020
561670|04010|04012|04630
561673|00252|00970
561682|04310|04370
561701|04020
561724|04340
561737|00562|04012|04070|04150|04210|04370|04630
561747|00562|04012|04020|04070|04370
561756|00510|00533|00601
561772|04310|04370
561825|00562|04012|04020|04070|04370
561831|04310|04340
561835|04150
561857|00510
561901|04350
561941|04010|04020|04210|04310|04340
561957|04020
561959|04010
561963|04340|04350
562011|04012
562014|04110|04120
562037|00251|00330|00860|00970
562059|04010|04020
562064|04012|04020|04310
562111|04020
562149|00020|00190
562242|04012|04150|04350
562247|04630
562282|04310
562317|04210
562329|00230|00240|03020
562419|04140|04150
562422|04010
562460|04310
562552|04010|04370
562585|04020|04070
562592|00510
562625|04020
562640|04020
562669|04130
562714|00730
562720|04010|04012|04310
562764|04120
562838|04010|04310|04370
562839|03420
562840|00830
562854|00330|00480
562857|04130
562963|03060
562982|04120|04630
563019|00562|04020|04070
563020|00531
563023|04010
563038|00510
563040|04010
563111|04020
563147|04010|04020|04210|04310|04340
563181|04010|04012|04370
563201|00562|04070
563276|03410
563297|04020
563306|04330
563460|04010|04310
563527|04115
563542|04120
563560|04010|04210
563567|04020
563594|00604
563633|04120|04350
563639|04012
563654|00330|04020
563674|04630
563707|04020
563708|04110|04120
563724|00230|04020
563727|04010
563748|00532
563799|00310
563849|00531
563878|00514
563904|04010|04020
563920|04330
563942|04330
563953|04020
563981|04010
564017|04020
564056|00230|04020
564064|04010|04020|04210|04310|04340
564106|03022
564111|00061
564147|00251|00471|00910
564149|04120|04630
564201|00910
564215|04120
564261|00562|04012|04070|04150|04210|04370|04630
564273|04010
564274|04010|04020
564295|04010|04210
564336|00512
564337|04010|04020|04210|04310|04370
564370|03050
564379|00190
564395|04350
564403|04010
564450|00533|00601
564496|04120|04630
564527|04120
564528|00562|04020|04070
564552|00020|00310|00380
564575|00310
564584|04012
564592|00310
564649|00061
564719|00230|04020
564750|00562|04070
564799|04010
564842|02010
564883|04010
564899|04010|04120
564925|00150|00340|00350|00380|00440|00450
564945|04020
564968|00601|00603
564982|03030|04110
564987|00252|00970
564991|04120
565059|00770
565122|00561|00564|04070
565173|04010
565235|00251|00650
565241|04010|04020|04210|04310|04370
565276|03430
565304|04020
565316|00561|00830
565324|04010
565379|04020
565383|04012|04120|04630
565385|00252
565400|03430
565498|04120
565504|00532
565523|00532
565568|04010|04012|04630
565669|00562|04020|04070
565706|00230
565714|04310|04340
565743|00564|00565
565771|04310
565838|04020
565921|04310
566019|00640
566078|00510
566085|01040
566088|00240|00983
566118|04020
566165|00251|00550|00910
566214|04010
566285|03450
566351|04010|04020
566361|04310|04330
566370|04020
566409|03030|04110
566441|04120
566470|04350
566510|00790
566516|03410
566517|00511
566527|00510
566539|00510
566565|00271|00450|00970
566612|00910
566679|00530
566690|04110
566723|00190
566746|00430|00450|00460|00480|00590
566758|03440
566841|04110|04310|04330|04350|04630
566869|04310|04370
566872|00650
566878|04310
566998|00230
567006|04110
567071|04110
567146|04020
567212|04020
567241|04630
567289|04020
567370|04120
567385|04130
567438|04010
567439|04120
567460|04210
567485|04110
567524|04115|04150
567611|04020|04070
567617|04310|04340
567746|04310
567770|04110|04115
567833|04010
567861|00251|00530
567874|04012
567899|03022
567913|00510
567970|00310
568010|04020|04070
568126|04020
568184|04340
568191|04310|04340
568225|04010
568265|04020
568269|04020
568288|00562|04020|04070
568315|04310|04370
568323|03430
568332|00252|00970
568406|04020
568412|04010
568448|00020|00630|00720
568482|02010
568512|04020
568552|04020
568614|04020
568626|04330
568634|00550
568641|04330
568671|04020
568759|04010
568795|04110|04120
568852|04010
568880|00561
568903|00561
568951|04010|04012
569014|00430|00450|00460|00480|00590
569038|04020
569040|00562|04020|04070
569041|00310
569063|03060
569124|04130
569190|04350
569226|04210
569243|04010
569250|00310
569344|04020
569353|00534
569363|00350|04630
569382|04020
569420|04310|04340
569494|00510
569499|00230|04020
569510|04020
569525|03450
569528|04010|04020
569568|00562|04070
569581|00280|00640
569595|00511
569603|04120
569698|04010|04012|04310
569706|04020
569769|00514
569778|00290|00970
569793|00190
569863|04310|04330
569980|00280
570106|00010|00030|00051|00052
570108|04020
570238|04010
570240|04010
570288|04010
570366|04130
570368|00220|00330
570437|00230
570443|00563
570457|00280|00350|00380|00750|00760|00982
570493|04020
570552|00252|00460|00910
570579|00030|00480
570636|04012
570652|00230
570678|00260|00561|00630
570683|04010|04020
570772|04210
570793|00260
570828|00510
570901|03410
570906|00533
570913|00040|00053|00150|00500|00830|00860|00980|00982|00983
570965|04140
571003|00601
571033|04115
571144|00252|00970
571193|04010
571246|00534
571263|00620|00632
571274|00310
571285|04010|04150
571301|03410
571355|00230
571441|00040|00500|00531|00860|00983
571591|04020
571673|04020
571679|04020
571808|04020
571817|00550
571825|00230|04020
571834|00230|00240|03030|03410|03420|03430|03440
571850|00053|00562
571865|04310|04370
571872|04130
571876|00514
571952|04130
571967|00380
571980|04020
572027|00230|00251
572053|00380
572061|00230
572074|04140|04150
572106|04310|04340
572113|04120
572324|00532|00534
572335|00564
572359|04020
572370|04120
572469|04630
572518|00330
572520|00190
572540|03440
572733|00010
572849|00310
573021|00190
573095|03050
573376|04010
573619|00190
573689|00190
573723|00071
57931|04310
58016|00860
58022|04115|04210
58023|04310
58025|04110|04115
58026|04330
58038|04130
58065|04330
58066|04330
58068|00020|00252|00620
58073|04310
58074|00350
58077|04340
58080|04310
58081|04115|04210
58082|04020
58092|04110|04310|04350
58100|04012|04210|04370
58101|03010
58108|00860
58117|04310
58118|04010
58119|00791
58120|00230|00240
58129|04010
58131|04115|04210
58133|04010|04210
58141|00230|00670
58145|04350
58147|04020
58215|00860
60640|00150
60658|00330|04020
606663|00260
613246|00051
619260|03060
619263|00791
619269|00252|00260
619391|04630
619412|04120
619520|04340
641289|03010
641321|04130
641476|00190
641491|03022
641566|00190
641570|00562|04070
641571|00562|04070
64278|03050
64279|03050
64280|03050
64281|03050
64607|00260|00860
64608|00260|00860
64698|04350
65226|03030|03420|03430|03440
65229|04310|04330
65230|04310|04330
65236|04010|04012|04310
65237|04010|04370
65239|04010
652952|00512
654826|04630
664741|00562|04070
664761|04350
664765|00785
677660|00830
678540|00052|00520
678614|01040
678634|00271|00450
692064|04330
692256|00230|00240|03030|03410|03420|03430|03440
692325|04120
692329|00400|00970
723997|00480|00980|00982
724006|00510
735295|04010|04210
735302|04020
735303|04020
735312|02010
751108|04310
751109|04630
751628|00564
751629|00310
751630|04310|04350
751635|00510
751638|00190
751641|00530
751644|04310|04340
751691|00130
751713|03420
751732|00251|00860|00970
751765|04115
751784|04020
751785|00010|00340|00350|00360|00980|00982
767645|04115|04210
767715|00120|00150
767751|04110|04115
767764|00190
767785|03010
767790|04010
768131|00310
768140|04110|04120
768161|04110
768184|00790
768196|00620
768204|00591|00592
768248|04010|04115|04210
777635|00310
777716|00562|04070
777730|04110|04115
777733|04110
777757|04120
780844|00511|00600
790914|00532
790916|00562
790923|00904
790934|04010|04370
791130|00052|00520
791167|00271|00450
791188|00534
791520|04010
791728|00530
791759|00563
791775|00750
791916|04010|04115|04210
791921|00190
792020|01040
792188|00230|00240|03020
792258|00230|00240|03020
792268|00052
792354|04010|04012|04150|04210|04370|04630
792398|04120
792468|04210
792527|00562|04070
792631|04120
792689|04150
792692|00010|00030|00051
792699|04010|04310|04370
792787|00252|00970
792824|00630
792928|04010|04350
793097|00400|00970
793158|04010|04370
793290|04630
793294|00600
793359|04012|04020|04310
793362|00533|00601
793414|03440
793524|00534
793648|04010|04310|04370
793708|04010|04020
79380|04150
79381|00480|00980|00982
793834|00062|00071|00280|00310|00380|00410|00632|00640|00650|00903|00930|01040
793862|04010|04310|04370
793885|03410
793897|03050
793939|04120
793952|04010
794088|00562|04070|04115
794221|04310
794222|04010
794525|04020
794574|04010|04020|04210|04310|04370
794575|04020
794666|04020|04070
794881|04350
794892|04330
795056|00260|00970
795095|03410
795492|04010
795522|04110|04350
795766|04010|04210
795901|00500
796249|02010
796295|00510|00563
796384|00100
796410|00601|00603
796436|00052
796456|00230|00240|03030|03410|03420|03430|03440
796490|04010
796547|04120
796604|04630
796815|04010|04310|04370
796865|00260|00330
797063|00190
797095|04140|04150
797199|04020
797309|00590|00591
797354|04110
797406|04110
797409|04010
797457|04140
797512|00510|00533
797715|00020|00310|00380
797853|04120
797978|04020
798222|04012|04020|04310
798291|00190
798352|04110|04120
798364|00280|00410|00640
798365|00230|00240|00760
798431|03050
798445|04210
798498|04020
798565|04020
798657|04010
798696|04330
798771|04010
798788|00480|00590
798846|04010
798918|00271|00450
798942|03050
798974|00251|00760
798997|03022
799015|04110
799058|03050
799278|00564|00565
799449|00230|00240|00760
799475|04630
799608|04110|04115|04310|04630
799612|04630
799805|00010|00561|00930
799963|00251|00252
799964|00590
80374|00140
80872|00220|00410|00480
80955|04115|04120|04310
80972|04310|04330
80973|04110|04115
81540|00240|00670
81541|00190
81882|00670|00790
83917|03050
84039|00830
84702|00860
