100000034|04060|
100000085|04142|
100000160|04010 04144 04810|
100000165|04142|
100000252|04012 04070 04150 04210 04370 04510 04620 04630 04650 04810 04910 04914|
100000284|04144|
100000341|03010|
100000342|04010|
100000399|04142|
100000478|00510 01100|
100000479|04120|
100000522|04210|
100000544|04020 04080|
100000648|04120|
100000654|00532 01100|
100000665|04010|
100000684|00511 00600|
100000709|00310|
100000720|04012 04110|
100000775|00250 00330 00910 01100|
100000836|03010|
100000859|00071 00280 00310 00380 00410 00640 00650 00903 01100 03320 04146|
100000903|04650|
100000959|04080|
100000978|00230 00240 01100 03020 04623|
100000981|04020 04080 04540|
100000999|03010|
100001002|03410|
100001136|04514 04530|
100001198|04140 04150 04910 04920|
100001219|00290 00970|
100001221|04520 04810|
100001302|04120|
100001306|04080|
100001316|04130|
100001424|04060 04080 04630|
100001425|03420|
100001456|03040 04010 04144|
100001497|04630|
100001530|04020 04080|
100001531|04144|
100001532|00562 01100 04020 04070 04270 04310 04540 04912 04916|
100001533|04080|
100001552|00564 01100|
100001586|04080 04912|
100001615|04340|
100001636|04020 04080|
100001644|04530|
100001753|04080|
100001828|04080|
100001836|04510 04512 04810|
100001914|04120|
100001938|03320|
100002010|02010|
100002015|00564 01100 04070|
100002035|00650 01100|
100002038|04020 04260|
100002040|04530|
100002125|04020 04080|
100002145|00430 00450 00460 00480 00590 01100|
100002155|04010|
100002225|04010 04012 04270 04370 04540 04620 04650 04810 04910 04912 04916|
100002261|03022|
100002263|00562 04012 04070 04150 04210 04370 04510 04620 04630 04650 04810 04910 04914|
100002293|04210|
100002318|04010 04370 04620 04621 04622 04912 04914|
100002366|00052 00500 01100 04142|
100002369|00040 00053 00140 00500 00830 00860 00980 00982 00983 01100|
100002384|00190 01100 04260|
100002407|04514|
100002479|04060 04630|
100002515|04060 04350|
100002610|04514|
100002627|04020 04080|
100002715|04080|
100002754|04144|
100002786|04080|
100002802|04530|
100002812|00051 00730 00740 01100|
100002872|04810|
100002875|00860|
100002928|04810|
100002946|04060 04620 04621 04622|
100003066|00190 01100|
100003075|00670 01100|
100003139|00190 01100 04142|
100003206|04144|
100003220|04010 04260|
100003223|04114 04270 04510 04810 04910|
100003259|00330 01100|
100003329|04010 04260|
100003342|04020 04080|
100003383|00900 01100 04146|
100003514|04010 04012 04020 04070 04270 04310 04370 04510 04530 04540 04650 04916|
100003535|04020 04080|
100003539|04020 04080|
100003553|03018|
100003570|00511|
100003587|04120|
100003595|00230 01100|
100003675|00330 01100|
100003679|04120|
100003704|04630|
100003744|02010|
100003745|00600|
100003844|04142|
100003877|04310|
100003922|04080|
100003956|04710|
100004036|04012 04070 04150 04210 04370 04510 04620 04630 04650 04810 04910 04914|
100004076|00830|
100004116|04350|
100004133|03420 04115 04120|
100004136|00564 01100|
100004299|04510|
100004321|04115 04210|
100004330|04144|
100004331|00340 00910 01100|
100004351|04650|
100004358|04060 04620 04622 04630|
100004384|04514|
100004402|03040|
100004455|04060 04630|
100004540|00190 01100 04260|
100004555|04623|
100004557|00531 01100|
100004566|00190 01100 04142|
100004576|04010|
100004625|04060|
100004770|00310|
100004831|04020 04080|
100004931|04144|
100004938|04020 04080 04810|
100004967|04210|
100004977|00630 00670 01100|
100004996|04080|
100005008|04144|
100005067|00230 01100|
100005075|04270 04530|
100005081|04060 04144|
100005129|04142|
100005137|04060|
100005144|00051 00520 01100|
100005148|04114|
100005158|00190 01100|
100005175|04142|
100005183|04010|
100005220|04142|
100005261|04514 04530|
100005266|04142|
100005307|03022|
100005344|04080|
100005356|04142|
100005387|03030|
100005409|00430 00450 00460 00480 00590 01100|
100005416|04080|
100005446|04010 04210 04622 04920|
100005449|04350|
100005469|04510 04512 04810|
100005496|04010|
100005506|04512|
100005551|00230 00240|
100005587|00010 00053 00071 00280 00310 00330 00340 00380 00410 00561 00620 00640 00650 00903 01100|
100005675|04020 04080|
100005681|04020 04080|
100005717|00071 03320|
100005735|04210 04910|
100005753|04144|
100005761|00310|
100005763|00240 00983 01100|
100005885|04114 04914|
100005893|03040|
100005981|04114 04310|
100006002|00190 01100 04260|
100006041|04270 04310 04350 04510 04520 04530 04810|
100006048|00562 01100 04020 04070 04270 04310 04540 04912 04916|
100006078|04060 04672|
100006132|04010 04310 04370 04510 04520 04620 04650 04810|
100006147|04120|
100006160|04010 04144 04350 04520|
100006166|04010 04310 04370 04510 04520 04620 04650 04810|
100006208|04010 04310 04370 04510 04520 04620 04650 04810|
100006223|00562|
100006232|03050|
100006249|00533 01100|
100006257|03420|
100006275|04310|
100006350|00310|
100006516|04010|
100006534|04514|
100006589|00020 00480 01100 04146|
100006595|00480 01100 04614|
100006625|04130|
100006675|04010 04012 04020 04070 04270 04310 04370 04510 04530 04540 04650 04916|
100006682|04110 04115|
100006754|04310|
100006778|04060 04630|
100006838|04144|
100006858|04310 04340 04710|
100006888|04530 04540 04914 04916|
100007027|04020 04080|
100007048|04210 04510|
100007176|04012 04510 04650 04910|
100007211|04080|
100007313|03018|
100007315|04270|
100007590|04010|
100007662|04120|
100007670|00534 01100|
100007677|04012 04020 04144|
100007679|04010 04540|
100007906|03410|
100008352|00512 01100|
100008368|03410|
100008376|04530|
100008541|00380 01100|
100009637|04520 04810|
100009646|04144|
100009655|04320|
100009657|04010 04114 04150 04914|
100009659|03018|
100034366|00590 00591 01100|
100034378|04080|
100034523|04621|
100034540|04010 04260|
100034578|04146|
100036550|04060 04630 04672|
100036767|00310|
100037312|00600 01100|
100037315|04020 04080 04144|
100037316|04140 04150|
100037331|00130|
100037336|03030 03420 03430|
100037338|00562 01100 04070|
100037349|00410 00640 01100 04146|
100037356|00072 00650 01100|
100037357|04060 04920|
100037372|03018|
100037375|04080|
100037380|03040|
100037384|04120|
100037387|04510|
100037390|00590 01100|
100037391|04115 04120|
100038774|04020|
100038785|00190 01100|
100048920|00730 01100|
100049158|04110 04114 04914|
100073330|00790 01100|
100073331|04120 04210 04510 04621|
100073345|00190|
100093708|04146|
100101460|04650|
100101654|04650|
100124622|00480 00980 00982|
100124652|04144 04530|
100125912|04540|
100126013|00520|
100126021|00290 00970|
100126133|00062 01100 04142|
100126803|04060 04140 04620 04622 04623 04630 04650|
100134935|04060 04630|
100134971|04060 04630|
100134973|04060 04630|
100134976|04060 04630|
100135062|04060 04210 04630|
100135755|04060 04630|
100136840|04115|
100136850|02010|
100136853|00563 01100|
100136859|04120|
100136866|00561 01100 03320|
100141344|00380 01100|
100141349|00270 01100|
100141490|04514|
100144554|04060 04144 04630|
100144561|04270 04530|
100144562|04060 04630|
100144569|00240 00410 00770 00983 01100|
100144628|00260 00460 00670 00680 01100|
100145909|03040|
100147850|00563 01100|
100147871|04514 04530|
100147898|00600 01100|
100147915|03030 04110|
100147922|04020 04080|
100147923|00190 01100 04142|
100147958|00630 01100 04146|
100147960|04142|
100147988|04144|
100147996|04130|
100148000|04080|
100148021|04620 04622 04623|
100148035|00360 00680 01100|
100148068|03040|
100148073|04530|
100148080|03430|
100148085|04144|
100148090|04060 04672|
100148130|04142|
100148132|04142 04144|
100148153|04512|
100148154|04144|
100148259|04650|
100148292|00520|
100148347|00230|
100148378|00330 01100|
100148385|04010 04310 04370 04510 04520 04620 04650 04810|
100148428|04010 04020 04060 04144 04510 04540 04810|
100148437|04330|
100148483|04020|
100148522|00250 01100|
100148534|00910|
100148589|04512|
100148606|03450|
100148642|00563 01100|
100148644|04310|
100148685|00230|
100148736|04144|
100148744|00562 01100 04070|
100148792|04310 04340 04916|
100148797|00534 01100|
100148803|00040 00053 00140 00500 00830 00860 00980 00982 00983 01100|
100148806|04110|
100148828|00052 00510 00533 00601 01100|
100148840|04310 04340 04916|
100148853|04810|
100148874|04110 04114 04914|
100148915|00030 00480 01100|
100148922|00052 00500 01100|
100148947|03030|
100148976|00230 04020 04114 04270 04540 04912 04914 04916|
100148995|04020 04270 04540 04912 04916|
100149010|04010 04144 04370 04510 04520 04530 04810 04912|
100149042|04920|
100149082|04310 04330 04916|
100149100|04020 04080 04270|
100149101|00230 00240 01100 03030|
100149133|04142|
100149161|04020 04080 04144 04810|
100149258|04012 04020 04144|
100149268|00230 00240 01100 03020|
100149273|04010 04012 04310 04510 04620 04621 04622 04910 04912 04914 04920|
100149316|00010 00270 00620 00640 01100|
100149325|03050|
100149328|00562 01100 04020 04070 04270 04310 04540 04912 04916|
100149336|03050|
100149344|04144|
100149359|03010|
100149364|04144|
100149388|04020 04070 04114 04270 04540 04912|
100149438|04020 04080|
100149467|00190 01100|
100149482|04020 04080|
100149498|04010 04012 04020 04070 04270 04310 04370 04510 04530 04540 04650 04916|
100149502|00510 01100|
100149515|04810|
100149532|04010 04144 04370 04510 04520 04530 04810 04912|
100149588|04144|
100149745|04115|
100149794|04010 04012 04150 04210 04370 04510 04530 04620 04630 04910 04914 04920|
100149829|04110|
100149838|00330 01100|
100149853|00531 01100|
100149892|04060 04144|
100149906|04060 04620 04621 04623 04630 04672|
100149927|04080|
100149942|03022|
100150016|04510 04512 04514 04810|
100150091|00601|
100150201|00100 01100|
100150203|04060 04630|
100150230|00600 01100|
100150233|04060 04080 04630 04920|
100150238|00062 01100 04142|
100150248|04010 04012 04020 04070 04270 04310 04370 04510 04530 04540 04650 04916|
100150259|00030 01100|
100150304|00230 04270 04540|
100150363|04144|
100150372|04020 04080|
100150406|03040|
100150412|04144|
100150422|04514|
100150427|04020 04270 04540 04912 04916|
100150463|00561 00564 01100 04070|
100150464|04146|
100150468|04310|
100150518|04010|
100150529|03320|
100150539|00230 04020 04114 04270 04540 04912 04914 04916|
100150545|00100|
100150602|04010 04620|
100150660|00512 01100|
100150664|04060 04144 04510 04520|
100150674|01100|
100150680|04020 04070 04114 04270 04910 04912 04916|
100150701|04080 04810|
100150709|04130|
100150734|00071 01100 03320|
100150762|03050|
100150764|04080|
100150773|00600 01100 04020 04370|
100150800|00270 00450 00920 01100|
100150844|04270 04530|
100150877|04622|
100150902|04310 04916|
100150926|04060|
100150936|04110 04350|
100150938|00010 00270 00620 00640 01100|
100150940|03040|
100150967|04144|
100150997|04080|
100151000|04010 04012 04144 04370 04510 04530 04540 04650 04810 04910 04912 04916|
100151024|00620|
100151075|02010|
100151103|04330|
100151125|04010 04020 04260 04270 04912|
100151166|00190 01100|
100151191|04010 04060 04110 04350 04672|
100151196|04144|
100151215|00230|
100151242|04010 04020 04260 04270 04912|
100151249|04130|
100151255|04510 04512 04514 04810|
100151351|04142 04144|
100151416|04012 04110 04115|
100151493|04142|
100151502|04080|
100151595|03022 03420|
100151619|04510 04512 04810|
100151621|00970|
100170782|00533 01100|
100170795|04910 04920|
100170824|04144 04530|
100170827|00290 00970|
100170829|04144|
100170938|00564|
100270671|04080 04912|
100270764|04060 04514 04620 04672|
114401|04210 04630|
114417|04514|
114420|03010|
114424|04514 04520|
114426|00330 00480 01100|
114427|00290 00970|
114433|04114 04115 04150 04510 04914|
114436|04010|
114437|04630|
114441|04514|
114442|04514|
114444|04320|
114445|04120|
114447|04060 04144 04672|
114456|04810|
114457|04260|
114464|04130|
114549|00564|
114550|04020 04080 04270|
114551|00010 00230 00620 01100|
114833|04916|
116517|00010 00071 00350 00680 00830 00980 00982 01100|
116713|00830 01100|
116991|00040 00053 00500 00520 01100|
117507|04144 04530 04910|
117510|04310|
117604|04110 04114|
140421|04330|
140422|04330|
140423|04330|
140424|00230|
140425|00230|
140512|00190 01100 04260|
140519|00190 01100|
140520|00190 01100|
140531|00190 01100|
140532|00190 01100|
140533|00190 01100|
140534|00190 01100|
140535|00190 01100|
140536|00190 01100|
140538|00190 01100|
140539|00190 01100 04260|
140540|00190 01100 04260|
140541|00190 01100 04260|
140615|00592 01040 03320|
140620|00030 00230 01100|
140621|04010 04115 04210 04650|
140622|00230 00670 01100|
140633|04710|
140634|00140 00380 00830 00980|
140744|00330 01100|
140747|04060 04144 04672|
140811|04142|
142986|04012 04370 04510 04810|
170450|04080|
170451|04080|
170452|04080|
170457|04080|
170581|04010 04020 04260 04270 04912|
170784|04120|
171473|04115|
171478|03320|
171585|03050|
192124|04080|
192295|04110 04914|
192297|03010|
192298|03060|
192299|03010|
192300|03010|
192301|03010|
192302|04110 04330|
192305|00230 00250 01100|
192307|04310 04340|
192309|00010 00051 00562 01100|
192315|00500 00520 01100|
192318|03040|
192320|00230 00240 01100 03030 03410 03420|
192321|04020|
192322|04020 04070 04114 04270 04910 04912 04916|
192323|03030 04110|
192325|03040|
192328|03040|
192330|03040|
192331|03040|
192333|03030 04110|
192334|00532 00534 01100|
192335|00190 01100|
192336|00190 01100 04142|
192338|03030 04110|
192340|04142|
192341|04120|
195819|03010|
195820|04080|
195824|00190 01100 04142|
245697|04910|
245698|04910|
245699|04520 04910|
245700|04520 04910|
245701|04114 04144 04510 04520 04914|
245702|04114 04144 04510 04520 04914|
245949|04310|
245950|04020 04650 04912|
246093|04350|
246094|00010 00030 00500 00520 01100|
246095|00010 00030 00500 00520 01100|
246226|00590 01100|
246227|00590 01100|
246275|04530|
252845|04530|
252849|04350 04510 04512|
252850|04350 04510 04512|
259189|00350 01100|
259195|04530|
259256|03030 03420 03430|
259258|04020 04080|
260437|03430|
260440|04020|
260441|00630 00670 01100|
266599|04350|
266749|04010 04012 04510 04810|
266750|04080|
266751|04080|
266752|04080|
266756|04010 04370 04620 04621 04622 04912 04914|
266794|04115|
266796|03060|
266797|00510 01100|
266798|04142|
266799|00260 00330 01100|
266983|04514|
266987|00260 00270 00450 01100|
266992|00240 00250 01100|
280647|00970|
280648|00830 01100|
280649|04110 04114 04914|
280651|04320|
282554|04080|
282557|04080 04540|
282559|00010 00340 00350 00360 00980 00982 01100|
282667|04512 04514|
282672|00010 00030 00051 01100 04910|
282673|04142|
282676|03018|
286747|03030 04110|
286748|00533 01100|
286774|03040|
286779|00190 01100 04142|
286829|04512|
286830|04510 04512|
286831|04510 04512|
286832|04510 04512|
286833|04080|
286834|04080|
286835|04080|
30037|04510 04512|
30068|00380 00680 01100 04146|
30080|04916|
30081|04520 04910|
30083|00230 00240 01100|
30084|00230 00240 01100|
30085|00230 00240 01100|
30086|00230 00240 01100|
30093|04010|
30095|00330 01100|
30100|04120|
30105|04310 04340 04916|
30114|04114|
30116|04622|
30120|04330|
30121|04060 04510|
30122|04310 04340 04916|
30123|04310 04340 04916|
30128|04310 04340 04916|
30131|04330|
30138|04330|
30140|04710|
30141|04330|
30144|04310 04340 04916|
30145|04350|
30146|04350|
30154|04340|
30158|04330|
30161|04350|
30164|04350|
30171|04310 04340 04916|
30173|04350|
30181|04340|
30183|04010 04144 04350 04520|
30188|04110 04114 04115|
30194|04514|
30197|04310|
30206|04310 04330|
30207|00350 00740 01100 04916|
30221|04310 04330|
30222|04110 04115 04310 04510 04630|
30225|04340|
30234|04510 04512|
30236|04540|
30256|04060 04144 04916|
30262|04114 04140 04150 04810 04910 04914|
30265|04310 04510 04520 04530 04916|
30269|04340|
30275|04350|
30280|04630|
30281|04920|
30283|04310 04340 04916|
30288|04330|
30291|04514|
30298|04630 04920|
30299|04340|
30307|04630 04920|
30308|04310 04340 04916|
30324|04260|
30331|00910|
30354|00561 03320|
30355|03320|
30366|04310 04916|
30369|04310 04916|
30370|04310 04916|
30380|04010 04012 04370 04530 04540 04650 04810 04910 04912 04916|
30381|00830|
30384|00350 01100|
30387|03050|
30388|03050|
30390|00140 01100|
30428|04310 04520 04530|
30429|04510 04530 04810|
30430|00270 01100|
30431|04010|
30440|00230 00240 01100 03030|
30442|04020 04080 04916|
30443|04142|
30447|04514|
30450|04110 04114 04120 04914|
30457|04060 04350|
30464|03320 04920|
30467|04010|
30468|04260|
30476|04310|
30488|04310 04520 04530|
30493|04350|
30496|00010 00270 00620 00640 01100|
30497|00010 00270 00620 00640 01100|
30502|04310 04520 04530|
30505|00350 01100|
30509|04080|
30510|04310 04520 04916|
30512|04144|
30523|04310 04520 04916|
30530|03320 04920|
30538|04010 04810|
30544|04310|
30546|04010 04144 04210|
30549|04010 04810|
30553|04146|
30554|00564 00565 00590 00591 00592 01100 04010 04270 04370 04912|
30560|04010 04810|
30573|04621 04914|
30575|04010|
30584|04340 04350|
30590|04010 04110 04115 04210 04310|
30591|04621 04914|
30592|04510 04530 04810|
30607|04080|
30612|04340 04350|
30615|04060 04350|
30616|04530|
30617|00860|
30622|04120|
30628|04350|
30629|04080|
30632|04340 04350|
30634|04514|
30637|04110 04115 04120 04144|
30639|04110 04310 04350 04520|
30641|04350|
30642|04350|
30643|00071 00072 00280 00310 00380 00620 00640 00650 00900 01100|
30647|03050|
30648|03050|
30649|03050|
30650|04080|
30651|04080|
30654|04012 04110 04310 04340 04510 04910 04916|
30659|00270 01100|
30665|03050|
30666|03050|
30667|04080|
30668|04080|
30670|04080|
30671|03040 04010 04144|
30676|04080|
30678|03030 03410 03420 03430 04110|
30681|04010 04370 04620 04621 04622 04912 04914|
30682|04150 04510|
30685|00380 01100|
30701|04310 04520 04916|
30702|04114 04320 04914|
30704|04010|
30705|04010 04520 04810|
30708|03320|
30711|04130|
30712|04130|
30716|04010 04012 04270 04370 04510 04540 04650 04810 04910 04912 04914 04916|
30717|04080|
30718|04320 04330|
30726|04514|
30733|00230 00240 00480 01100 04115|
30739|04010 04060 04144 04350 04520|
30740|00230 00240 00480 01100|
30741|04520 04530|
30742|04350|
30745|04010 04020 04060 04144 04510 04540 04810|
30754|03320 04310|
30762|04514 04672|
30763|04514 04672|
30764|04514 04672|
30767|04630 04920|
30768|04620 04630|
30783|04514 04672|
317641|03018|
317679|04310|
317737|00250 00330 00471 00910 01100|
317738|01040|
317740|00230 00240 01100 03030|
317743|00010 01100|
317744|00270 01100|
317745|00230 00983 01100|
317746|00020 00640 01100|
317747|04270 04310 04350 04510 04810|
317763|04110|
321051|04144|
321070|04270 04310 04350 04510 04810|
321084|00270 01100|
321099|04810|
321107|04010 04510|
321114|03040|
321193|00230 01100|
321218|00563 01100|
321243|04510 04512|
321294|00860 01100|
321364|04350|
321378|04010 04144|
321383|04810|
321453|04142|
321461|04142|
321485|03022|
321496|04810|
321544|03040 04120|
321552|04530|
321555|03040|
321585|03050|
321621|00260 01100|
321622|03410|
321664|00010 00030 00051 01100|
321689|04120|
321695|04120 04144 04350|
321720|00230 00240 00760 01100|
321724|00190 01100 04142|
321729|04110 04114|
321793|00230 01100|
321808|04020 04070 04114 04270 04910 04912 04916|
321818|04142 04614|
321852|03040 04330|
321860|03040|
321872|03040|
321875|04115 04120|
321892|00330 01100|
321898|03050|
321928|00260 01100|
321931|03040|
321940|03018|
321947|03050|
321948|03040|
321951|00190 01100|
322012|04512|
322013|04010 04260|
322055|00260 00270 00450 00910 01100|
322059|00230 00240 01100 03030|
322060|04110 04114|
322089|00240 01100|
322106|04340 04540 04710|
322126|04020|
322206|03040|
322221|04510 04520 04530 04810|
322228|00260 00270 01100|
322229|00230 01100|
322265|03050|
322269|03050 03440|
322275|04110|
322339|00020 00630 01100|
322372|00350 01100|
322420|00520|
322481|00100 00561 01100|
322485|04614|
322509|04270|
322513|00520 01100|
322549|00190 01100 04260|
322571|03010|
322605|00564 00565 01100|
322609|00604 01100|
322614|00330 01100|
322626|00140 01040 01100|
322660|00240 00410 00770 00983 01100|
322670|00020 00630 01100|
322691|04080|
322732|00590 00591 01100|
322780|00520 01100|
322811|00190 01100 04142|
322814|04614|
322854|04110 04114 04120 04914|
322909|04270|
323016|03018|
323055|04110 04114|
323071|03040|
323099|04210 04620 04621 04622 04623 04920|
323105|04130|
323107|00010 01100|
323239|03022 03420|
323266|04514|
323285|04810|
323305|03010|
323320|04510 04520 04530 04810|
323329|00270 00450 01100|
323365|03010|
323509|04530 04540 04914 04916|
323579|04142 04144|
323613|00511 00520 00531 00603 00604 01100 04142|
323630|04310 04330 04916|
323653|00010 00053 00071 00280 00310 00330 00340 00380 00410 00561 00620 00640 00650 00903 01100|
323695|04510|
323696|04514 04530|
323700|03040|
323723|00270 01100|
323735|04130|
323855|03040|
323883|04110 04114 04120 04310 04350|
323951|04120|
323974|03022|
323994|00563 01100|
324015|04120|
324025|00970|
324048|03018|
324052|00512 01100|
324079|00270 01100|
324088|00230 00240 01100 03020|
324089|04120|
324098|04115|
324121|03040|
324125|04010|
324137|04115|
324142|04330|
324153|03022|
324188|00830|
324201|00010 00020 00620 01100|
324243|04120|
324244|04260|
324254|04012 04150 04910 04920|
324256|04110|
324276|00520 01100|
324307|00190 01100 04142|
324323|03420|
324366|00480 00980 00982|
324407|00532 01100|
324413|04710|
324466|04142|
324475|04110 04114|
324476|03040|
324486|03022|
324510|00512 01100|
324556|00030 01100|
324560|00520|
324569|04130|
324655|04120|
324778|04146|
324818|04142|
324823|03022|
324845|00230 00240 00760 01100|
324940|00970|
324947|00450 01100|
324985|04142|
325034|04010 04012 04510 04810|
325084|04012 04144 04370 04510 04520 04530 04540 04912|
325085|04810|
325179|00562 01100 04070|
325181|00564|
325316|00563 01100|
325361|04010 04020 04114 04210 04310 04370 04650|
325402|00190 01100 04142|
325470|04120|
325484|04130|
325488|04010 04912|
325494|00970|
325561|00510 01100|
325603|00230 00240 01100 03020|
325618|03010|
325675|04510 04512|
325686|04510|
325712|00190 01100|
325832|03022|
325875|00561 00830 01100|
325881|04080 04810|
325922|00830|
326102|04340|
326282|04350|
326672|04320|
326687|03050|
326719|04270 04510 04530 04810|
326786|03018|
326825|04270 04810|
326857|00480 01100|
326884|03050|
326906|00310|
326944|03040|
326954|01040|
326961|03010|
326962|00190 01100 04260|
326975|00190 01100 04260|
326977|00190 01100|
327007|04130|
327011|03040|
327057|00240 00983 01100|
327060|04110|
327067|04020|
327068|04810|
327075|00600 01100|
327078|00230 00240 01100 03020|
327089|03010|
327165|00010 01100|
327204|04010 04310 04370 04510 04520 04620 04650 04810|
327237|04142|
327246|04010|
327263|04530|
327277|04130|
327285|04910|
327301|04114 04270 04510 04810 04910|
327321|04010 04370|
327322|03420|
327330|03050|
327335|03060|
327336|03040|
327346|00051 00730 00740 01100|
327377|04540|
327379|04020 04070 04114 04270 04910 04912 04916|
327417|00140 01100|
327462|00120 01100|
327471|04110|
327491|03030 03420 03430 03440|
327495|03040|
327510|04910|
327512|00260 00750 01100|
327566|00564 00565|
327590|00240 00983 01100|
327599|04010 04020 04114 04210 04310 04370 04650|
327601|00510 01100|
327627|03018|
327635|00531 01100 04142|
327650|04530 04540 04914 04916|
333974|00480 01100|
333979|04630 04650 04920|
333997|00230 01100|
333999|04310|
334010|04060 04630|
334015|04530|
334055|03022|
334082|00380 01100|
334098|00140 01100|
334101|00071|
334116|00010 01100 03018|
334121|01040|
334133|04120|
334161|00510 01100|
334167|04010 04910|
334175|04144|
334195|00270 00450 01100|
334197|00010 00053 00071 00280 00310 00330 00340 00380 00410 00561 00620 00640 00650 00903 01100|
334208|00620|
334270|00561 01100|
334274|04530|
334283|03040|
334315|04110|
334373|04114 04120 04310 04340|
334390|04310 04370 04650|
334393|00290 00970|
334420|00040 00052 00500 00520 01100|
334431|00230 00250 01100|
334488|03450|
334494|00785 01100|
334529|03320|
334571|04270 04530|
334582|04020|
334597|04114 04270 04510 04810 04910|
334608|04530|
334627|04120|
334632|04144|
334644|04146|
334669|00230 00240 01100 03020|
334839|03022 03420|
334854|03022|
334897|00030 00040 01100|
334911|04144|
334932|04115|
335008|00564 04142|
335025|00190 01100|
335098|04630|
335153|00310|
335158|04520 04810|
335191|00190 01100|
335195|04110 04114|
335226|04120|
335231|00010 00030 00051 01100 04910|
335232|04910 04920|
335269|04510 04512 04810|
335396|03040|
335444|04120|
335474|04810|
335485|00561 00564 00565 00600 01100|
335494|00511|
335495|03410|
335509|04514 04672|
335538|00510 01100|
335539|03010|
335573|04520 04630 04650|
335629|03010|
335709|00190 01100|
335715|00020 00620 00630 01100|
335716|00230 00240 01100|
335751|00190 04260|
335774|00190 01100 04260|
335798|04540|
335799|04146|
335810|04144|
335817|00010 00230 00620 01100|
335859|00061 01100 04910|
335916|04010 04012 04310 04510 04620 04912|
335974|00250 00270 00330 00350 00360 00400 01100|
335985|00510 01100|
336063|04144|
336069|04080|
336073|04650|
336118|00190 01100 04260|
336121|04020 04070 04114 04270 04910 04912 04916|
336197|00190 01100|
336252|04080|
336257|00760 01100|
336281|04130|
336368|04144|
336421|04530 04540 04914 04916|
336425|00010 00030 00051 01100|
336426|04144|
336471|04510 04512|
336473|00250 00330 00910 01100|
336492|00590 01100|
336504|04810|
336526|00601 01100|
336529|04080|
336550|03010|
336553|00520|
336568|03010|
336606|00062 00071 00280 01100|
336610|04110 04114|
336613|04810|
336619|04150|
336623|04810|
336632|04140|
336641|03010|
336645|03040|
336662|03010|
336673|00120|
336681|04540|
336687|03010|
336702|03010|
336710|03010|
336712|03010|
336713|03010|
336719|03010|
336726|03010|
336727|03010|
336746|04142|
336764|03010|
336786|03050|
336798|00900 01100|
336812|03010|
336839|04010 04144 04370 04510 04520 04530 04810 04912|
336876|04620|
336957|00190 01100|
336977|00620|
336998|04110 04115|
337007|03010|
337010|03010|
337070|00970|
337077|04512 04514|
337084|04510 04530 04810|
337090|03010|
337131|00512 01100|
337148|03010|
337158|04510 04512|
337167|04150 04910|
337179|04912|
337223|04540|
337230|00970|
337236|00562 01100 04070|
337240|03010|
337333|00520|
337401|04144|
337412|00280 00290 00770 01100|
337413|04630|
337489|00562 01100 04020 04070|
337572|04142|
337598|03030 04110|
337599|00270 01100|
337670|04010 04114 04150 04914|
337690|00562 01100 04070 04144 04810|
337737|04144|
337784|00780 01100|
337810|03010|
337851|03040|
338183|00450 00970|
338204|04110|
338219|04010 04114 04150 04914|
338290|00860 01100|
338306|00230 00983 01100|
352924|00240|
352926|00480 00590|
352927|04710|
352928|00480|
352929|00480|
352930|04340|
352933|00450 01100|
352934|04710|
352935|04710|
352938|04020 04080 04810|
352940|04010 04144 04810|
352943|00380 01100|
352944|04060 04672|
353150|04514|
353151|04080 04916|
353152|04080|
353153|04080|
353180|04080|
353221|04916 04920|
353222|04912|
353223|04080|
353247|04020 04260|
353314|04010|
359829|04010 04810|
359830|04010 04810|
359834|04010 04060 04110 04350 04672|
359837|04310 04340 04916|
359839|00190 01100|
359840|00190 01100|
360134|04060 04140 04620 04622 04623 04630 04650|
360139|04080|
360144|04010 04012 04114 04150 04270 04320 04350 04370 04510 04520 04540 04620 04621 04650 04810 04910 04912 04914 04916|
360153|03018|
368199|04020 04080 04810|
368200|04320|
368213|00620|
368217|04020 04070 04114 04270 04910 04912 04916|
368220|00230 01100|
368221|04115|
368229|00051 00520 01100|
368235|00970|
368239|00010 00053 00071 00280 00310 00330 00340 00380 00410 00561 00620 00640 00650 00903 01100|
368242|00380 01100|
368243|04010 04370|
368245|04010 04810|
368249|04310|
368250|04310|
368262|00020 00310 01100|
368278|04144|
368284|00970|
368316|04110 04114 04115 04914|
368323|04144|
368326|04630|
368329|04110|
368410|00230|
368415|00562 04070 04115 04510 04530|
368416|04080|
368417|03040|
368425|04120|
368433|00562 01100 04070|
368435|04080|
368438|04060 04630|
368461|04080 04540|
368475|04020 04080|
368481|04620 04630|
368519|04630|
368614|04514 04672|
368615|04514 04672|
368619|04514 04530|
368620|02010|
368704|04142|
368723|04530|
368771|02010|
368775|00280 01100|
368816|04514 04672|
368852|04142|
368877|04514 04672|
368878|04514 04672|
368882|03022|
368907|00190 01100|
368911|04142|
368912|00062 00071 00280 00310 00380 00410 00640 00650 00903 01100|
369191|04510 04512|
369193|00010 00030 00051 01100|
369194|04010 04060 04110 04350|
369195|04010 04060 04110 04350|
369197|04012 04630|
373076|04260|
373077|03040|
373080|04540|
373082|00500 04910|
373085|03018|
373092|00250 00330 00471 00910 01100|
373093|04210 04650|
373103|04010 04012 04510 04650 04810|
373105|04530|
373107|04120 04210 04510 04621|
373108|04120 04210 04510 04621|
373114|04210|
373121|04010 04910|
373124|00562 04070 04810|
373125|04210|
373130|04210|
373131|00140 01100|
373132|00330 01100|
373867|00562 01100 04012 04020 04070 04370 04650|
373871|04144|
373872|04510 04520 04650|
373873|04080|
373874|04621|
373878|04114 04310|
373879|04020 04080|
373881|04114 04310|
373882|04912|
378441|00250 00410 00430 00650 01100|
378444|04540|
378446|00100 01100|
378450|00534|
378453|03040|
378478|04010 04012 04020 04060 04144 04320 04510 04520 04540 04810 04912|
378480|04010 04510 04540 04810|
378713|00030 01100|
378718|04080 04540|
378719|04080 04540|
378727|00010 00020 00620 01100 03320 04910 04920|
378746|04020|
378838|04144|
378847|00270 00670 01100|
378848|03060|
378866|04150|
378960|00561 01100|
378961|03010|
378962|00360 00400 01100|
378963|00010 01100 03018|
378968|00250 00280 00410 00640 00650 01100|
378972|04010 04012 04150 04210 04370 04510 04530 04620 04630 04910 04914 04920|
386590|04621|
386635|04012 04020 04144|
386637|03022|
386661|01040 03320|
386663|00051|
386701|04540|
386705|04012 04370 04510 04810|
386707|03030 03410 03450|
386711|04530|
386762|04310 04810|
386772|04330|
386787|04510 04512 04810|
386801|00565 01100 04146|
386807|04144|
386808|04330|
386825|04010|
386951|00020 00480 01100 04146|
386966|04012 04020 04510 04520|
386967|04144 04630|
386994|04144|
387296|04020 04080|
387297|04020 04080|
387298|04020 04080|
387300|04020 04080|
387301|04020 04080|
387303|00603 01100|
387529|04144|
387530|00270 00450 01100|
387600|03040|
393096|00561 01100|
393105|00120 01100 04146|
393113|00240 00983 01100|
393115|03410|
393121|03018|
393123|00970|
393127|00564 01100|
393128|00511 04142|
393132|04210 04620|
393135|00062 01100 04142|
393141|04010 04012 04110 04310 04350 04630|
393143|00240 00983 01100|
393144|04622|
393148|04110|
393150|04144|
393154|04540|
393159|04130|
393162|04110 04115|
393164|04144|
393174|04146|
393186|04020|
393195|03030|
393196|03030 03420 03430 03440|
393197|04146|
393201|00230 00240 01100 03020 04623|
393202|04150|
393218|03450|
393223|04110 04120 04914|
393236|04130|
393241|03030|
393253|03410|
393257|00230 00240 01100 03020 04623|
393261|03050|
393279|04142|
393285|04910 04920|
393287|04010 04210 04620 04621 04622 04623 04920|
393292|03040|
393293|00140 01100|
393294|04130|
393305|00630 01100|
393309|04142|
393313|04120|
393314|04120 04630|
393330|00760 01100|
393335|00140 01100|
393346|04130|
393350|00040 01100|
393351|04144|
393361|00563 01100|
393388|03040|
393398|04142|
393400|00500 01100|
393403|04114|
393417|04210|
393423|00250 00330 01100|
393425|01040|
393436|03040|
393443|03420|
393445|04120|
393448|00563 01100|
393455|00630 01100 04146|
393456|04144|
393461|00051 00520 01100|
393462|00010 00053 00071 00280 00310 00330 00340 00380 00410 00561 00620 00640 00650 00903 01100|
393467|03040|
393478|00190 01100 04260|
393480|03040|
393487|00770 01100|
393497|00190 01100|
393500|04330|
393515|04130|
393518|03050|
393526|00270 01100|
393528|00785 01100|
393532|00010 00020 00620 01100|
393533|04310 04916|
393535|04144|
393536|03420|
393538|00230 00240 01100 03020 04623|
393539|00830 01100 04146|
393543|03320 04510|
393544|03050|
393548|04010 04110 04115|
393549|00600 01100 04142|
393550|04810|
393557|04144 04514|
393559|00230 00983 01100|
393561|02010|
393562|04144|
393565|03040|
393575|00565|
393580|00830 01100|
393586|03040 04010 04144|
393589|00970|
393592|00590 00591 01100|
393593|03018|
393598|00510 01100|
393599|03420 04120|
393608|04080|
393612|04910|
393614|04010 04260|
393618|04146|
393622|00071 01100 03320 04146 04920|
393632|03430|
393641|00230 01100|
393649|00510 01100|
393650|04620 04622 04623|
393657|00062 01100 04142|
393664|04540|
393668|00010 01100 03018|
393669|03018 03040|
393675|00190 01100|
393677|00380 01100|
393686|03010|
393697|00230 01100|
393700|00190 01100|
393702|04150 04910|
393703|00190 01100|
393706|00190|
393708|04130|
393710|03010|
393712|03018|
393713|00230|
393714|00270 00430 01100|
393715|03010|
393716|04110 04114 04120 04310 04350|
393720|00190 01100|
393721|04622|
393722|00564|
393723|03010|
393725|03010|
393732|04150 04910|
393738|03010|
393745|00380 00970|
393753|00770 01100|
393759|03450|
393760|04916|
393764|00190 01100|
393774|00230 00240 01100 03030 03410 03420|
393776|00190 01100 04260|
393778|00360 00680 01100|
393781|00190 01100|
393782|00510 01100|
393783|04270|
393788|03010|
393793|00190 01100 04260|
393799|00330 01100|
393801|04916|
393807|04910|
393808|04520|
393818|03010|
393821|00190 01100|
393827|03018|
393829|00190 01100|
393831|03320|
393836|04130|
393839|00120 01100 03320 04146|
393840|03040|
393845|00230|
393846|04140|
393850|03040|
393854|04010|
393857|00520 01100|
393860|00071 00310 00380 01100|
393867|00230 01100|
393880|04144|
393884|00020 00190 01100|
393885|04114 04310 04350 04530|
393886|04110|
393887|00051 00591 00650 01100|
393889|03040|
393896|04144|
393900|03420|
393906|00230 00240 00760 01100|
393907|04110 04114 04120 04914|
393908|04260|
393912|00600 01100|
393917|03040|
393920|03040|
393922|03050|
393926|00020 01100|
393931|00564 01100|
393933|04120|
393934|04120|
393935|00190 01100|
393937|04020 04910|
393938|00020 01100|
393940|04020|
393941|03050|
393943|00190 01100|
393945|04144|
393946|04530 04540 04914 04916|
393949|03410|
393951|03040|
393953|04010 04012 04020 04070 04270 04310 04370 04510 04530 04540 04650 04916|
393963|03060|
393966|04120|
393968|03040|
393970|00330 01100|
393972|04012|
393979|03040|
393982|00790 01100|
393983|00051|
393984|00650|
393997|00561 01100|
393998|04010 04020 04114 04210 04270 04310 04340 04540 04910 04912 04914 04916|
394000|00010 00030 00052 00500 00520 01100|
394001|04144|
394002|03420 04120|
394005|04540|
394008|03018|
394009|00270 00330 00410 00480 01100|
394011|04130|
394012|04510 04512 04514 04810|
394016|04530|
394018|03040|
394021|00260 00460 00670 00680 01100|
394026|04340 04350|
394027|03010|
394033|00565 01100|
394034|04520 04810|
394035|03010|
394036|03010|
394038|04510 04512|
394043|00980|
394052|00340 00670 01100|
394053|03040|
394059|03040|
394060|00072 00280 00650 00900 01100|
394064|03018|
394067|04130|
394071|03060|
394075|00562|
394077|00230|
394083|00604 01100|
394085|04120|
394091|04144|
394094|04144|
394097|03010|
394099|04010 04144|
394101|04510 04910|
394103|00260 01100|
394110|00190 01100|
394114|00600 01100|
394119|03440|
394121|03010|
394124|04110|
394129|00860 01100|
394130|00280 01100|
394133|00250 00330 01100|
394135|00280 01100|
394138|00250 00910 01100|
394140|04146|
394142|00130 00350 00360 01100|
394144|03018|
394146|04010|
394148|00120 00140 01100 03320|
394151|00190 01100|
394154|00970|
394155|00500 04910|
394156|00071 01100 03320|
394161|00564 01100 04070|
394162|00230 00240 01100 03020 04623|
394166|03010|
394170|00230 00240 01100|
394172|03040|
394174|00562 04012 04070 04150 04210 04370 04510 04620 04630 04650 04810 04910 04914|
394181|00190 00860 01100|
394188|00970 01100|
394190|00072 00280 00650 01100 04146|
394194|03010|
394198|04010 04620|
394199|04020|
394230|00604 01100|
394235|04810|
394240|00270 00450 01100|
394243|04810|
394246|00565 01100|
394247|00565 01100|
399479|00010 00020 00260 00280 00620 01100|
399480|04010 04012 04114 04150 04270 04320 04350 04370 04510 04520 04540 04620 04621 04650 04810 04910 04912 04914 04916|
399481|00010 00053 00071 00280 00310 00330 00340 00380 00410 00561 00620 00640 00650 00903 01100|
399482|04810|
399483|04110|
399485|00590 00591 01100|
399486|03030 04110|
399487|04110 04114|
399546|04370 04510 04810|
399662|00020 00620 00630 01100|
399692|00140 01100|
402799|00600 01100|
402802|00564 00565 00590 00591 00592 01100 04010 04270 04370 04912|
402810|04330|
402820|04810|
402822|00260|
402825|04110|
402827|00630 01100 04146|
402829|04120|
402842|00140 01100|
402843|04310|
402850|03018|
402851|04080|
402857|04080|
402862|04110|
402868|00750 01100|
402874|00010 01100 03018|
402880|00190 01100 04260|
402883|00190 01100|
402885|04144|
402889|04144|
402896|03040|
402914|04330|
402917|04080 04912|
402918|04080 04912|
402920|04020 04080|
402942|00563 01100|
402945|00051 00591 00650 01100|
402950|03040|
402953|00230 00240 00760 01100|
402958|00051 00730 00740 01100|
402961|00190|
402966|03040|
402972|03040|
402979|00240 00983 01100|
402981|00520|
402987|04080 04912|
402989|03040|
402991|04010 04110 04115|
402994|00260 00330 00472 01100 04146|
403000|03320 04150 04510 04910|
403001|04810|
403003|04010 04810|
403011|03050|
403012|04110|
403013|04630|
403015|03050|
403021|04142|
403031|04144|
403035|03022|
403036|04140|
403042|04340|
403044|04080|
403045|04010 04012 04060 04144 04510 04540 04810|
403046|00250 00330 00910 01100|
403049|04060 04150 04510|
403050|04080 04144 04520 04530|
403051|00500 04910|
403052|04010 04012 04620 04912|
403060|04110 04114|
403063|04012 04270 04650 04810 04910 04914|
403064|04110 04115 04210|
403065|04010 04012 04150 04270 04510 04650 04810 04910 04914|
403068|00510 01100|
403072|03040|
403076|04310|
403079|04115|
403084|04010 04620 04621|
403086|00250 01100|
403125|04620|
403126|04620|
403127|04620|
403128|04620|
403129|04620|
403131|04620|
403132|04620|
403136|04620|
403137|04620|
403138|04620|
403139|04620|
403145|04210 04620|
403146|04010 04012 04150 04210 04370 04510 04530 04620 04630 04910 04914 04920|
403147|04620|
403148|04620|
403310|04010 04020 04260 04270 04912|
403338|00260|
404036|00330 01100 04020 04146|
404040|04144|
404041|03018|
404206|04110 04914|
404209|04080|
404211|04012 04070 04150 04210 04370 04510 04620 04630 04650 04810 04910 04914|
404231|04010 04810|
404232|00532 00920|
404605|04060|
404608|03440|
404620|00562 00564 01100 04070|
404623|00240 01100|
404626|04010|
404633|00601 01100|
404730|00260 00330 00340 00350 00360 00380 00982 01100|
404731|00860 01100|
404732|00532|
405757|04514 04530|
405769|04650|
405770|04010 04060 04210 04620 04621 04623|
405776|00534 01100|
405785|04010 04060 04210 04350 04620 04621 04622 04650 04920|
405786|04614|
405790|03050 04060 04140 04350 04630 04650|
405791|04010 04020 04260 04270 04912|
405800|00260 00330 00472 01100 04146|
405810|04144|
405816|04530|
405821|04144|
405822|00010 00030 00052 00500 00520 01100|
405823|04310|
405829|00240 00410 00770 00983 01100|
405835|03040|
405840|04144|
405845|00062 01100 04142|
405846|04130|
405861|00280 00640 01100|
405863|00280 01100|
405864|04510 04512 04514 04810|
405884|03060|
405888|03010|
405889|03010|
405892|04010 04310 04520|
405894|04210 04910|
405897|03420 04110|
405898|04012 04510 04810|
406204|04710|
406255|04120|
406259|00230 00983 01100|
406264|03040|
406265|00561 00564|
406266|03010|
406278|00480|
406283|00071 00280 00410 00640 01100 03320|
406288|03040|
406290|00562 01100 04070|
406298|00190 01100|
406299|00020 00640 01100|
406301|00190 01100|
406303|04540|
406304|04010 04110 04115|
406306|00190 01100|
406307|03010|
406308|04010 04012 04320 04510 04540 04630 04650 04910 04912|
406311|04012 04070 04150 04210 04370 04510 04620 04630 04650 04810 04910 04914|
406318|04142 04144|
406325|00062 00071 00280 01100|
406330|00250 00270 00330 00350 00360 00400 01100|
406335|04120|
406338|00520|
406339|00010 00051 00052 00500 00520 01100 04910|
406340|04010|
406342|00190 01100 04142|
406349|04012 04150 04350 04910|
406353|04110 04114 04120|
406358|04146|
406359|00190 01100 04260|
406363|04810|
406370|00564 00565 00590 00591 00592 01100 04010 04270 04370 04912|
406377|04622|
406383|00240 01100|
406385|00600 01100 04142|
406387|03010|
406404|00240|
406405|00020 00620 00630 01100|
406408|00510 01100|
406411|04270 04310 04350 04510 04520 04530 04810|
406413|00190 01100|
406414|04144|
406419|04110 04114|
406421|00071 00592 01040 01100 03320 04146|
406428|00010 00020 00290 00620 00650 01100|
406433|00040 00980|
406435|03030 03420 03430|
406437|04260|
406440|04910 04920|
406443|04110 04114|
406445|03050|
406459|04910|
406462|04110|
406463|04210 04620 04621 04622 04623 04920|
406468|00900|
406470|00565 01100|
406471|04010 04060 04210 04920|
406473|00010 00020 00620 01100 03320 04910 04920|
406474|00430 01100|
406477|00512 01100|
406479|04110|
406485|03010|
406486|04142|
406487|03440|
406489|03010|
406493|04270 04510 04530 04810|
406495|03040|
406496|00010 00030 00051 01100|
406511|04142|
406513|04630|
406514|04010 04912|
406523|04010|
406525|04144|
406528|00260|
406529|04020|
406533|04340 04540 04710|
406539|00500 01100|
406554|00561 00564|
406558|00230 00240|
406559|04514 04530|
406565|03010|
406575|00590 01100|
406582|04114 04310 04350 04530|
406588|04080|
406590|00230 01100|
406593|03450|
406596|04120 04630 04910 04920|
406598|00562 04012 04070 04150 04210 04370 04510 04620 04630 04650 04810 04910 04914|
406599|00190 01100|
406604|04010 04810|
406606|04120|
406610|04114 04310|
406615|00564|
406619|00760 01100|
406621|04144|
406623|04146|
406624|00790|
406625|04142|
406632|03018|
406637|03440 03450|
406645|04142|
406648|00062 01100 04142|
406651|00340 00350 00360 00380 01100|
406652|03060|
406659|04270 04310 04350 04510 04520 04530 04810|
406660|04020 04070 04114 04270 04910 04912 04916|
406661|00230|
406662|00100 01100|
406666|04012|
406667|00562 01100 04070|
406669|04144|
406671|04144|
406672|04120|
406685|04114 04310 04350 04530|
406686|03010|
406688|00250 00270 00330 00350 00360 00400 01100|
406691|03040|
406695|04110|
406696|00010 01100|
406697|03410 03450|
406702|00010 00020 00290 00620 00650 01100|
406703|00480 00980 00982|
406707|04130|
406712|04120 04630|
406713|00100 04142|
406715|04110 04114 04115 04914|
406721|03440|
406723|04910|
406726|00190 01100|
406728|04010 04012 04114 04270 04320 04370 04510 04540 04620 04650 04810 04910 04912 04914 04916|
406730|03410|
406731|00040 00053 00140 00500 00830 00860 00980 00982 00983 01100|
406734|00561 00564|
406736|00480 00980 00982|
406738|04810|
406739|00564 00565 00590 00591 00592 01100 04010 04270 04370 04912|
406741|04110 04350|
406746|00790 01100|
406762|00030 00480 01100|
406766|04144|
406768|04210|
406775|03040|
406776|04120|
406778|03430|
406788|03018|
406791|00010 00051 00052 00500 00520 01100 04910|
406794|04120|
406795|03018|
406798|04144|
406801|00740|
406803|02010 04146|
406807|04120|
406810|03040|
406811|04540|
406813|04110 04350|
406816|04110 04114 04120 04310 04350|
406819|00520|
406821|04920|
406822|04150|
406824|03040|
406825|04114 04120 04310 04340|
406837|04144|
406839|03440|
406840|04115|
406845|03430|
406853|04916|
407076|00532 00920|
407614|00510 01100|
407620|04520 04530|
407639|04080 04630|
407651|04060 04080 04630|
407653|00230 00240 01100 03030|
407659|00533 00601 01100|
407673|00030 01100|
407684|04144|
407685|04510 04512 04810|
407690|03010|
407712|00380 01100|
407713|03022|
407715|00604 01100|
407735|04080|
407736|03320|
407737|04010 04810|
407980|04114 04270 04510 04810 04910|
407981|04530|
407989|00230 00250 01100|
408255|00010 01100|
414331|00100 01100|
414333|04650|
414848|04330|
415099|04010 04210 04620 04621 04622 04623 04920|
415100|04010|
415135|04130|
415140|03040|
415141|04130|
415147|04142|
415148|04120|
415151|04010 04310 04370 04510 04520 04650 04810|
415155|04020|
415157|03040|
415158|04115 04210|
415162|04120|
415163|04130|
415165|04110 04114 04115|
415166|03320|
415167|03018 03040|
415168|03010|
415169|03010|
415175|04020 04260|
415176|00230|
415179|04144|
415181|03050|
415185|04010 04370 04620 04621 04622 04912 04914|
415187|04810|
415190|04810|
415193|04140|
415196|03010|
415202|03050|
415204|04810|
415207|00030|
415208|03022|
415209|04260|
415216|00230 01100|
415217|03022|
415221|03050|
415229|03010|
415235|04150|
415239|00563 01100|
415240|04510|
415242|04010 04510|
415243|00190 01100|
415244|04142|
415247|00020 01100|
415253|00190 01100 04260|
415254|04310 04520 04530|
431716|00330 01100|
431720|04010|
431723|00260 01100|
431724|00230 00983 01100|
431727|00510 01100|
431739|00520|
431751|03040|
431754|00071 00280 01040 01100 03320 04146|
431763|04010 04110 04115|
431769|04012 04510 04810|
431773|00270|
431777|04540|
436588|00230 00240 01100 03020|
436595|00230 00240|
436597|00830 01100|
436600|00100 01100|
436602|04120|
436604|00230 00232 01100|
436605|04130|
436608|04010|
436612|04514 04530|
436617|03320 04920|
436619|00250 00340|
436622|00564 00565 00590 00591 00592 01100 04010 04270 04370 04912|
436624|00900|
436627|00920|
436628|04614|
436636|03320 04512 04920|
436646|00010|
436647|00280 00562 00640 01100|
436649|04910|
436664|00330 01100|
436672|00010 00020 00290 00620 00650 01100|
436678|04010 04144|
436692|00230 00240 04142|
436713|04120|
436718|04270 04310 04350 04510 04520 04530 04810|
436719|04514 04530|
436729|00310|
436733|00510 01100|
436747|00010 00270 00620 00640 01100|
436749|00230 00240 01100 03020 04623|
436751|03040|
436754|00350 01100|
436759|03010|
436760|03010|
436762|00020 00190 01100|
436768|00190 01100 04260|
436771|00860|
436772|03060|
436789|00230 00240 01100|
436794|03060|
436799|00190 01100|
436805|04130|
436806|04144|
436812|04142|
436815|04012 04020 04114 04310 04912 04916|
436816|03050|
436817|00230 00240 01100 03020|
436819|04530|
436821|03022|
436826|00230 00240 01100 03020 04623|
436827|00330 01100|
436828|04144|
436833|00480 00980 00982 04146|
436837|03022 03420|
436838|00563 01100|
436842|00983|
436845|03060|
436850|00020 00640 01100|
436861|03060|
436862|03050|
436866|04060 04210 04650|
436873|04120|
436882|03050|
436883|03040|
436884|00340 00350 00450|
436893|00130 01100|
436894|00480 00980 00982|
436897|04514 04530|
436903|00010 01100|
436904|04210|
436905|04910 04920|
436909|00051 01100|
436914|00010 00620 00640 01100|
436918|00071 04146|
436919|00230 01100|
436922|00020 01100|
436924|04810|
436925|04010 04260|
436930|00190 01100 04260|
436932|03030|
436933|04115|
436945|04142|
436946|03040|
436949|00280 00290 00770 01100|
436958|00561 00564|
436959|00860|
436966|04270|
436968|00190 01100 04260|
436976|03040|
436981|00230|
436989|00230 01100|
437016|00240 00983 01100|
437018|00562 01100 04070|
437019|00280 00640 01100|
437022|00350 01100 04916|
437024|04620 04622 04623|
437027|04010 04310 04370 04510 04520 04650 04810|
442922|04510|
445022|00532 00534 01100|
445028|03010 04150 04910|
445030|03050|
445033|03050|
445038|03010|
445040|03010|
445042|00190 01100|
445043|03040|
445053|03010|
445057|04010|
445060|00532 00534 01100|
445070|04514 04530|
445073|04120 04630 04910|
445076|04010 04020 04114 04210 04270 04310 04340 04540 04910 04912 04914 04916|
445089|03040|
445094|00010 00230 00620 01100|
445097|00051 00520 01100|
445098|04012|
445100|04120|
445119|04620 04622|
445121|00062 00071 00280 00310 00380 00650 01100|
445122|00190 01100|
445124|00533 01100|
445125|03320|
445129|00020 00190 01100|
445151|00230 00240|
445157|03018|
445164|04540|
445165|00511|
445167|04130|
445170|00230 00240 01100 03020|
445172|00051 00730 00740 01100|
445182|00280 01100|
445193|04080|
445198|00310|
445201|00230 00240|
445202|00510 01100|
445208|04012 04020 04114 04310 04912 04916|
445224|03018|
445229|00350 00360 00564 00903|
445232|04020 04270 04540 04912 04916|
445233|00620|
445234|04010 04012 04510 04810 04910|
445242|00340|
445244|04142|
445246|04114|
445250|00511 00600|
445278|04514 04530|
445281|00120 01100 03320|
445284|03420|
445285|03050|
445287|00130 00350 00360 01100|
445288|00071 00280 00650 01100|
445289|04010 04012 04320 04370 04530 04540 04650 04810 04910 04912 04914 04916|
445290|00071 00072 00280 00310 00380 00620 00640 00650 00900 01100|
445291|00190 01100|
445297|04020 04270 04540 04912 04916|
445299|03060|
445302|03040|
445305|04810|
445327|00510 01100|
445373|04060 04620 04622 04630|
445374|04514|
445376|00510 01100|
445380|04510 04512 04810|
445381|04060 04630|
445383|03040|
445385|03030 03420 03430|
445392|04114|
445393|04270 04510 04810|
445397|04144|
445398|03040|
445404|03040|
445405|00970|
445412|00230 00240 01100 03020 04623|
445413|03050|
445471|04514|
445474|04012 04630|
445478|04530|
445480|03410|
445486|00230 01100|
445487|00511|
445492|00740 01100|
445493|04130|
445500|00020 00190 01100|
445501|04110 04114 04120 04914|
445505|00010 00030 00051 01100 04910|
445508|04080 04270|
445561|04530|
445562|00512 00533 00603 00604 01100|
445564|04350|
446117|03040|
446119|03060|
446135|03050|
446168|03040|
447802|00130 01100|
447814|04010 04020 04114 04210 04310 04370 04650|
447818|03022|
447836|00010 00030 00051 00052 01100|
447838|00770 01100|
447839|04144|
447840|00562 01100 04070 04144 04810|
447846|04350|
447847|00970|
447855|04146|
447857|03022 03420|
447860|00071 01100 03320 04146 04920|
447864|00250 00330 01100|
447868|04146|
447878|01040|
447891|00100 01100|
447892|04130|
447897|04142|
447905|00230|
447913|00190 01100|
447914|00190 01100|
447919|00760|
447922|03040|
447928|00240 00983 01100|
447930|04510 04530 04810|
447941|00270 01100|
447942|00190 01100 04260|
448841|04080|
448859|04140|
448949|03018|
449537|00140 01100|
449540|03018|
449545|04146|
449547|03010|
449548|04114 04310 04350 04530|
449558|00040 00980|
449649|00600 01100 04142|
449655|00190 01100|
449660|04010 04530 04810|
449661|00970|
449662|00071 00592 01040 01100 03320 04146|
449663|00564|
449679|04510|
449780|03040|
449784|00480 00980 00982|
449787|00190 01100|
449791|04142|
449801|00232 00983 01100|
449811|03420 04120|
449821|04146|
449822|00071 00280 00310 00380 00410 00640 00650 00903 01100|
449829|00052 00520 01100|
449831|00562 01100 04070 04144 04810|
449835|00240 01100|
449846|03420 04110 04114 04120 04310 04350|
449848|03450|
449864|04020 04080|
449878|00270 01100|
449918|03018|
449945|00500|
449992|00230 00240 01100 03020|
450000|00260 00670 00910 01100|
450006|04270 04510 04530 04810|
450011|04080|
450016|00564 01100|
450022|04142|
450023|04514 04530|
450040|04010|
450048|04146|
450050|00830 01100|
450052|04146|
450054|00730 01100|
450057|03018|
450068|00600 01100 04142|
450072|00510 01100|
450077|00030|
450078|00280 01100|
450080|03420|
450081|03440|
450083|00052 00561 00600 00603 04142|
450084|00480 01100|
474321|00520|
474325|00230 00240|
474329|03018|
474331|00510|
474346|04514|
474349|04530|
492292|04060 04144 04510 04520|
492331|04614|
492340|04142|
492361|04150|
492364|04012 04120 04144 04630 04910|
492463|03410|
492467|04020|
492468|04115|
492470|04320|
492476|00430 01100|
492477|00900 01100 04146|
492486|04020 04080 04270|
492487|04144|
492489|04621|
492495|03040|
492497|04144 04630|
492511|03040|
492518|00380 01100|
492549|00562 01100 04070 04144 04810|
492643|04142|
492647|03320|
492719|00620 01100|
492758|04010 04810|
492760|00533 00601 01100|
492762|04910|
492763|04115 04210 04370|
492768|04110|
492771|04144|
492781|00900 01100|
492808|04130|
493181|04010 04810|
493602|00600 01100|
493605|00190 01100|
493608|00970|
493609|04010 04012 04320 04510 04540 04630 04650 04910 04912|
493614|03040|
493624|04060 04350|
493633|04330|
493780|00534 01100|
493781|04060 04510|
493782|04060 04510|
493783|00534 01100|
493784|04672|
493916|00500 04910|
494038|04520|
494046|04110 04114 04120 04914|
494054|00100 01100|
494056|00230 01100|
494065|00240 01100|
494077|00051 00520 01100|
494092|04340|
494096|03320 04146|
494099|00590 01100 04146|
494102|00100 01100|
494109|00120|
494133|03040|
494165|03040|
494180|04140 04622|
494449|04330|
494453|04510|
494454|04010 04810|
494455|04010 04810|
494456|04010 04810|
494477|04144|
494479|04115|
494487|04710|
494489|04020|
494534|03040|
494577|00190 01100 04260|
497279|00534 01100|
497280|00534 01100|
497281|00534 01100|
497384|04010 04012 04020 04070 04270 04310 04370 04510 04530 04540 04650 04916|
497407|04010|
497616|04330|
497629|04060 04144 04916|
497640|04010 04810|
497642|04010 04810|
497646|04010 04110 04115|
503534|04120|
503564|04080|
503565|04080|
503566|04080|
503589|04010 04270 04810|
503600|04142 04144|
503707|00240 00983 01100|
503745|00380 00970|
503748|03030 03420 03430|
503759|00740|
503760|00512 01100|
503761|04340 04350|
503763|04110 04114|
503767|03040|
503772|04080 04614|
503776|04110 04310 04330 04350 04520 04630 04916|
503868|04080|
503869|04012|
503893|04510 04512 04514 04810|
504040|00230 01100|
504044|00601 01100|
504054|03018|
541315|04080|
541323|04010 04540 04912|
541325|03420 04110|
541327|03010|
541328|00190 01100|
541331|00190 01100|
541342|03060|
541344|04146|
541347|00270 00450 01100|
541374|04210 04510|
541386|03420|
541388|00280 01100|
541390|00190 01100|
541405|04146|
541410|03320|
541414|03440|
541416|00600 04142|
541428|00230 00240 01100 03020|
541429|00260 00350 00360 00410 01100|
541435|00010 00620 00640 01100|
541475|04510 04512 04810|
541489|00740|
541491|04514 04520|
541493|04060 04630|
541502|03420|
541511|00562 01100 04070|
541519|00511 04142|
541523|04150 04910|
541526|04920|
541530|04010 04210 04620 04621 04622 04623 04920|
541536|04010|
541538|00230 00240|
541539|00790 01100|
544653|03450|
544655|03440|
544664|04012 04020 04144|
544666|00590 01100|
544667|04060 04144 04510|
548340|02010|
548341|03320|
548343|00052 00511 00531 00600 00604 01100 04142|
548346|00562 01100 04070 04140|
548605|04310 04330|
548607|00532 00534 01100|
548610|04340|
550134|03320|
550233|00910|
550234|03018|
550242|00760 01100|
550244|03040|
550247|03018|
550258|04110 04114 04914|
550263|00230 00240 01100 03020|
550266|00600 01100|
550270|04020|
550274|03030 03410 03450|
550286|04010 04012 04144 04370 04510 04530 04540 04650 04810 04910 04912 04916|
550287|03050|
550325|00350 00360 00564 00903|
550327|00564 01100|
550328|04120|
550332|00240 01100|
550338|00860 01100|
550349|00900|
550352|00040 00053 00140 00500 00830 00860 00980 00982 00983 01100|
550369|00100 01100|
550370|00760 04146|
550372|00380 00630 01100|
550373|03040|
550398|00140|
550404|00564|
550406|04144|
550411|00903 01040|
550420|00230 04270 04540|
550422|01040 04146|
550427|04210 04910|
550431|04514 04530|
550434|04110 04114 04914|
550436|04012 04020 04114 04310 04912 04916|
550451|00190 01100|
550458|04540|
550460|00511 00520 00531 00603 00604 01100 04142|
550464|04120|
550475|04142 04620|
550488|03050|
550494|00680|
550499|03050|
550502|00230 00250 01100|
550504|03030 03430 03440|
550505|04210 04510|
550507|00072 00650 01100|
550513|04010 04530 04810|
550520|04080|
550521|04146|
550524|00260 00270 00450 01100|
550529|04142|
550531|00190|
550537|04150 04920|
550542|04144|
550548|04010|
550550|00062 01100|
550554|04010 04020 04114 04210 04310 04370 04650|
550560|00230 00240|
550565|00520 01100|
550577|04130|
550579|00020 01100|
550585|04114 04310 04350 04530|
550597|04115|
552927|04210|
552980|04510 04520 04810|
552981|00480 00590|
552997|00900 01100|
553029|03440 03450|
553162|00534|
553169|00480 00980 00982|
553179|04060 04916|
553181|04060 04916|
553187|00270 01100|
553189|00270 01100|
553204|04146|
553210|00601 00603 00604 01100|
553239|00830|
553266|04010 04144|
553270|00230|
553281|02010|
553292|00310|
553319|04910 04920|
553326|01040|
553327|04120|
553330|04142|
553341|04520|
553347|00230 00240 01100 03020|
553353|04210|
553355|04510 04512|
553359|04060 04350|
553362|04510 04512|
553365|04142|
553366|04060 04672|
553380|00561 00564 01100 04070|
553384|00190 00860 01100|
553395|03440|
553401|00062 00071 00280 00310 00380 00410 00640 00650 00903 01040 01100|
553402|04080|
553405|00230 00240 01100 03030 03410 03420|
553418|04910 04920|
553421|04330|
553423|04142|
553433|00564 01100|
553452|00040 00051 00052 00561 00620 01100|
553460|04130|
553489|04020|
553500|04060|
553501|00830|
553508|00600 01100|
553513|00900 01100|
553520|04010|
553523|01100|
553532|00140 01100|
553534|00340 00350 00450|
553542|04520|
553543|00120|
553569|00511 00600|
553575|00480|
553582|00510 01100|
553594|04142|
553595|00562 01100 04070|
553597|04010|
553603|04120|
553610|00230 00240 01100 03030 03410 03420|
553615|04650|
553629|00562 01100 04070 04144 04810|
553634|04210|
553639|00230|
553646|00600 01100|
553652|04115|
553653|00120 01100 04146|
553655|00500 04910|
553656|04010 04012 04144 04370 04510 04530 04540 04650 04810 04910 04912 04916|
553660|00190 01100|
553665|03018|
553668|00512 01100|
553671|00230 01100|
553672|00190 01100|
553675|04020 04080|
553683|00564 00565|
553685|00520|
553687|00051 00730 00740 01100|
553689|04115|
553691|00190 01100 04142|
553699|04510 04512|
553700|04916|
553701|00230 01100|
553705|00230 00240 01100 03020|
553722|00460 00500|
553725|00510 01100|
553733|00230 00240 01100 03020|
553734|01040 03320|
553740|04080|
553754|00604 01100|
553755|00190 01100|
553767|00190 01100|
553770|00564 01100|
553778|04340|
553788|04010 04310 04520 04620 04621 04622|
553789|03410|
553792|00051 00520 01100|
553804|00280 00640 01100|
553816|04350|
553944|00600 01100|
553952|00040 00053 00140 00500 00830 00860 00980 00982 00983 01100|
553957|04060 04630 04672|
553969|00140 00591 00830 00980 00982 00983 01100|
553978|04020 04080 04810|
553981|00600 01100|
554036|00830|
554046|04020 04910|
554099|00230 00240 01100 03020|
554100|00190 01100|
554101|00190 01100 04260|
554103|00190 04260|
554105|04146|
554122|01100|
554124|00280 01100|
554125|00190 01100|
554127|04540|
554130|04130|
554135|00190 01100|
554136|00790 01100|
554140|04140|
554143|00520|
554152|04340|
554153|03050|
554154|00190 01100 04260|
554157|04142|
554167|04060|
554168|04530|
554171|03440|
554204|03410|
554230|04060 04144 04370 04510|
554268|04510 04512|
554269|04510 04512|
554477|00051|
554509|04110|
554561|04010 04120 04144 04620 04621 04622|
554641|04130|
554967|03050|
555156|03040|
555163|04514|
555187|00970|
555196|00910|
555206|00511 00600|
555271|00310|
555308|00071 01100 03320 04146 04920|
555330|00564 01100|
555340|04144|
555376|00780 01100|
555401|00330 00340 00380|
555411|00600|
555437|04520|
555443|00562 01100 04020 04070|
555452|03022|
555454|04530|
555459|04622|
555473|04080|
555478|00480 01100 04614|
555482|04020 04080|
555486|00051|
555496|00563 01100|
555506|02010|
555517|04330|
555521|04270 04530|
555566|00564|
555578|03320 04920|
555602|04520 04810|
555623|00250 00330 00910 01100|
555639|04142|
555643|03040|
555650|04010|
555655|04060 04350|
555703|04010|
555708|00562 01100 04070 04144 04810|
555723|04080 04912|
555725|00564 01100|
555737|04144 04530 04910|
555748|00040 00052 00500 00520 01100|
555750|03022|
555778|04920|
555805|04510|
555899|00562 01100 04070|
555939|04020 04080 04270|
555941|04010 04020|
555969|00564 00565|
555974|04010 04910|
556029|04810|
556032|00562 01100 04020 04070 04270 04310 04540 04912 04916|
556042|04210 04910|
556057|00561 00564 01100|
556077|00310|
556086|00310|
556087|04310 04340 04916|
556098|04080|
556104|04810|
556132|04144|
556158|04514|
556160|04020|
556172|04010|
556190|00051|
556193|00600 01100|
556199|04020 04910|
556202|04080|
556226|04010 04144 04370 04510 04520 04530 04810 04912|
556228|04146|
556236|00061 00620 00640 01100 04910|
556237|00510 01100|
556277|04012 04120 04144 04630 04910|
556280|00590 01100|
556286|04010 04012 04320 04510 04540 04630 04650 04810 04910 04912|
556291|00520 01100|
556326|04060 04630|
556339|04540|
556379|04310 04520 04530|
556417|04350|
556429|04080|
556431|04020 04080|
556443|04010 04012 04510 04810 04910|
556454|04810|
556456|00230 00240 01100 03030 03410 03420 03430 03440|
556506|04010|
556522|00330 01100|
556528|00830|
556535|00310|
556537|04514|
556554|00250 00270 00280 00350 00360 00380 00400 01100|
556556|03010|
556578|00230 01100|
556582|04080|
556641|00564 00565 01100 04144 04912|
556667|00563 01100|
556680|00670 00970|
556700|00600 01100 04142|
556702|00970|
556710|03022|
556715|04144|
556718|04514|
556726|04520|
556728|04060 04630|
556734|04510 04512 04514 04810|
556744|00340 01100|
556752|04510 04512 04514 04810|
556797|00563 01100|
556800|00532|
556823|04622|
556842|04510|
556843|04020 04080|
556849|00230 00240|
556864|04120|
556879|00330 01100|
556882|04270|
556903|04630|
556951|04810|
556956|00562 01100 04070|
556979|02010|
556995|03030 03410 03420 03430|
557037|03320|
557061|04142|
557063|04010|
557077|00860 01100|
557111|00534|
557121|04120|
557166|00380 01100|
557176|04012 04070 04150 04210 04370 04510 04620 04630 04650 04810 04910 04914|
557186|00330 01100|
557191|00230 04270 04540|
557194|04020 04080 04144 04540|
557199|04144|
557208|04114 04310|
557218|00532|
557232|00250 00340|
557276|04080|
557302|04115 04210 04620 04621 04622|
557317|02010|
557324|00561 00564 01100 04070|
557332|04510 04650 04810|
557335|04622|
557353|04020 04270 04540 04912 04916|
557363|03022|
557385|04110 04350|
557397|03010|
557430|04020|
557451|04310|
557472|04120|
557511|04080|
557513|04120|
557518|00030 01100|
557526|04010 04210 04622 04920|
557567|04340 04350|
557588|00563 01100|
557665|04514 04520|
557675|00512 01100|
557680|00561 00564 00565 00600 01100|
557688|03050|
557714|03320 04920|
557716|00330 01100|
557732|00260 00290 01100|
557735|00230 01100|
557756|00600 01100|
557797|04514 04650 04810|
557802|04142|
557810|04010 04114 04370 04620 04621 04622 04912 04914|
557817|00600 01100|
557829|03018|
557834|00230 00240 00983 01100|
557882|04012 04110 04310 04340 04510 04910 04916|
557893|04910|
557902|00230 04020 04114 04270 04540 04912 04914 04916|
557926|04010 04020 04114 04210 04310 04370 04650|
557962|04320|
557968|04110 04114 04914|
557972|00230 00240 00760 01100|
557979|00310 00380 01100|
558042|03040|
558084|00531 00534|
558088|00071 03320 04920|
558147|04340|
558153|04144|
558154|04150 04510|
558248|04020 04080 04144 04540|
558288|04810|
558312|03010|
558313|04810|
558319|04514|
558321|04010 04540 04912|
558326|04514|
558335|02010|
558350|03440|
558359|04520 04530|
558369|04080|
558373|00534|
558402|04110 04114 04120 04914|
558403|03410|
558427|04080|
558432|04630|
558437|00561 00564 01100|
558453|04010|
558455|00290 00970|
558460|04020 04080 04270|
558466|00240 00983 01100|
558477|04020 04080 04144 04810|
558479|04120|
558487|00010 01100 03018|
558496|00600|
558499|00564 01100|
558514|04142|
558524|00510 01100|
558525|04020|
558552|04540|
558613|04144|
558616|04060|
558619|04115|
558635|04510 04910|
558685|04020 04270 04510 04810|
558716|00512 01100|
558752|04530|
558758|00740|
558810|04530|
558848|04140 04150|
558857|03018|
558866|04012|
558878|04020 04080|
558924|02010|
558931|04144|
558951|03410|
558958|04510 04512|
559001|00061 01100 04910|
559017|04810|
559020|00590 04370|
559054|00900 01100|
559072|00511 00600 01100 04142|
559073|00512 01100|
559080|02010|
559089|04020 04080|
559103|04070 04910|
559111|04110 04310 04350 04520|
559124|00561 00564 00565 00600 01100|
559133|04080|
559145|04510 04650 04810|
559148|00590 01100|
559154|04514|
559157|04514|
559201|04020 04080|
559207|00020 00310 00380 01100|
559222|04010 04144 04350 04520|
559228|00531 01100|
559247|04010 04530|
559273|04110 04310 04330 04350 04520 04630 04916|
559281|04910 04920|
559315|04020 04080|
559329|04144|
559332|00230|
559334|04144|
559336|04330|
559373|00512 01100|
559392|04530|
559403|00061 00620 00640 01100 04910|
559425|04115 04210 04650|
559439|04120|
559483|04144|
559488|00230 00450 00920 01100|
559504|00130 01100|
559524|04010|
559529|04010 04020 04060 04510 04540 04810|
559535|03030|
559537|00450 01100|
559568|04622|
559634|04120 04144|
559653|03018|
559656|00071 01100 03320 04146 04920|
559665|04110 04114|
559679|04520|
559690|04144|
559693|04080|
559721|00532|
559725|04060|
559736|00512 01100|
559806|04020 04080 04540|
559850|00511 00600 04142|
559873|00510|
559896|04514|
559933|04146|
559945|00310|
559958|00240 00983 01100|
559959|00531 01100 04142|
559964|04010 04020 04260 04270 04912|
559969|00280 01100|
559976|04080|
560000|00071 03320 04920|
560006|00562 01100 04070|
560009|00230|
560032|04310 04330 04916|
560057|04080|
560060|04310|
560100|04020 04080 04270|
560126|00531 01100 04142|
560127|03040|
560140|04920|
560194|04012 04110 04310 04340 04510 04910 04916|
560210|03040 04010 04144|
560211|04010 04912|
560212|03440|
560242|00563 01100|
560267|04080|
560268|04080|
560287|04020 04080|
560294|04310|
560305|04810|
560313|03420 04120|
560317|04110 04310 04350 04520|
560360|00562 04070 04810|
560386|03018|
560410|00230 04020 04114 04270 04540 04912 04914 04916|
560446|04010 04060 04144 04350 04520|
560455|04150 04910|
560461|04144|
560477|03420|
560482|03440|
560486|00230 00232 00983 01100 04146|
560525|04910|
560542|04144|
560549|04010 04012 04150 04210 04370 04510 04530 04620 04630 04910 04914 04920|
560560|04110 04114|
560561|04020|
560564|04510 04540 04810|
560578|04010 04144 04350 04520|
560581|04144|
560593|04142|
560609|04080|
560613|01100|
560651|00983|
560653|00230 04270|
560657|04330|
560682|00330 01100|
560717|00140|
560719|00230 04020 04114 04270 04540 04912 04914 04916|
560751|04110|
560753|00010 00051 00562 01100|
560761|04144|
560778|00603 04142|
560788|03410|
560806|04144|
560808|04020 04080 04540|
560813|04144|
560816|04514 04520|
560826|00532 01100|
560827|00030 00230 01100|
560828|03010|
560913|04010 04012 04620 04912|
560915|00740 01100|
560944|00010 00030 00051 00052 01100|
560951|00532 00534 01100|
560955|04080|
561006|04010|
561018|00520 01100|
561030|00750 01100|
561043|00510 01100|
561059|04110 04114 04120 04914|
561084|00512 01100|
561117|00190 01100 04142|
561122|04514|
561160|02010|
561172|00601 01100|
561195|04080|
561211|04530|
561239|00511|
561260|04080|
561262|04010|
561267|03050|
561268|04060 04672|
561272|00770 01100|
561288|04144|
561324|04080|
561338|00230|
561345|04910|
561350|04020|
561356|04510 04512|
561406|04080 04270|
561410|00130 00270 00350 00360 00400 01100|
561416|00010 00030 00051 00052 01100|
561431|04530|
561434|04010 04260|
561469|00190 01100 04142|
561491|04020 04080 04810|
561494|04060|
561503|04330|
561509|00510 01100|
561534|04350|
561535|04115|
561577|00564 01100|
561589|04810|
561595|04621|
561635|04020 04270 04510 04810|
561647|04080|
561653|04144|
561670|04010 04012 04320 04510 04540 04630 04650 04810 04910 04912|
561673|00970|
561679|04510 04512|
561682|04310 04370 04650|
561683|00230 00240 00760 01100|
561689|04530|
561693|04512|
561701|04020 04080 04270|
561724|04340|
561737|00562 04012 04070 04150 04210 04370 04510 04620 04630 04650 04810 04910 04914|
561747|00562 01100 04012 04020 04070 04370 04650|
561756|00510 00533 00601 01100|
561771|04144|
561772|04310 04370 04650|
561773|04080|
561825|00562 01100 04012 04020 04070 04370 04650|
561831|04310 04340 04916|
561834|04080|
561835|04150|
561857|00510 01100|
561879|04144|
561894|04810|
561898|04080|
561901|04350 04510 04512|
561935|04080|
561941|04010 04020 04114 04210 04270 04310 04340 04540 04910 04912 04914 04916|
561957|04020 04080 04540|
561959|04010|
561963|04340 04350|
561971|04514|
561989|04080|
562011|04012 04510 04650 04910|
562014|04110 04114 04120 04914|
562037|00860 00970 01100|
562059|04010 04020|
562062|04630 04910|
562064|04012 04020 04114 04310 04912 04916|
562105|04146|
562111|04020 04080|
562149|00020 00190 01100|
562166|04142|
562182|04260|
562189|04350 04510 04512|
562242|04012 04150 04350 04910|
562247|04060 04630|
562277|03018|
562282|04114 04310|
562283|03450 04110|
562317|04210 04620 04622|
562329|00230 00240 01100 03020 04623|
562345|04512|
562370|03040|
562399|00230 00500 00740 00760 00770 01100|
562419|04140 04150|
562422|04010 04260|
562460|04114 04310|
562469|04080|
562496|04510 04512|
562510|04080|
562525|04514 04530|
562529|04010 04510|
562552|04010 04370 04620 04621 04622 04912 04914|
562562|00230 04020 04114 04270 04540 04912 04914 04916|
562573|00531 01100|
562585|04020 04070 04114 04270 04540 04912|
562592|00510 01100|
562602|03320 04920|
562619|00230 04114 04270 04540 04912 04914 04916|
562625|04020 04270 04540 04912 04916|
562640|04020|
562669|04130|
562702|04514|
562714|00730|
562720|04010 04012 04310 04510 04620 04621 04622 04910 04912 04914 04920|
562732|04144|
562739|00512 01100|
562750|04520|
562764|04120|
562771|00760 01100|
562822|04060 04350|
562831|04080|
562838|04010 04310 04370 04510 04520 04620 04650 04810|
562839|03420|
562840|00830 01100|
562854|00330 00480 01100|
562857|04130|
562867|04622 04623|
562934|04514|
562949|04144|
562963|03060|
562982|04120 04630|
562996|04142|
563019|00562 01100 04020 04070|
563020|00531 01100|
563023|04010 04510|
563030|04810|
563038|00510 01100|
563040|04010 04260|
563111|04020 04080|
563147|04010 04020 04114 04210 04270 04310 04340 04540 04910 04912 04914 04916|
563178|04146|
563180|00010 00052 00500 01100 04910 04920|
563181|04010 04012 04270 04370 04540 04620 04650 04810 04910 04912 04916|
563199|04146|
563201|00562 01100 04070|
563203|04146|
563276|03410|
563281|00330 01100|
563297|04020 04080|
563306|04330|
563328|04142|
563363|00140 01100|
563432|00230 04910 04914|
563441|04010|
563460|04010 04310 04520|
563527|04115|
563542|04120|
563556|04510 04512 04810|
563560|04010 04210 04620 04621 04622 04623 04910 04920|
563567|04020 04080|
563594|00604 01100|
563598|04514|
563632|04520|
563633|04120 04144 04350|
563639|04012 04510 04650 04910|
563654|00330 01100 04020 04146|
563660|03060|
563669|04110|
563674|04060 04630|
563708|04110 04120|
563724|00230 04020 04114 04270 04540 04912 04914 04916|
563727|04010 04620|
563748|00532|
563771|04710|
563799|00310 04530|
563805|04810|
563806|00561 00564 00565 00600 01100|
563849|00531 01100 04142|
563878|00514|
563892|04270|
563904|04010 04020|
563920|04330|
563926|04710|
563942|04330|
563948|03018 03040|
563953|04020 04270 04540 04912 04916|
563972|00480 00980 00982|
563981|04010 04510|
563993|00563 01100|
564005|04510 04512|
564017|04020 04080|
564056|00230 04020 04114 04270 04540 04912 04914 04916|
564059|03040|
564064|04010 04020 04114 04210 04270 04310 04340 04540 04910 04912 04914 04916|
564067|02010|
564088|04140|
564106|03022|
564111|00061 01100|
564112|04530|
564147|00250 00330 00471 00910 01100|
564149|04120 04630|
564152|04144|
564158|04622|
564201|00910|
564215|04120|
564241|04310|
564246|04510|
564254|00790 01100|
564261|00562 04012 04070 04150 04210 04370 04510 04620 04630 04650 04810 04910 04914|
564273|04010|
564274|04010 04020|
564295|04010 04210 04622 04920|
564327|04080|
564336|00512 01100|
564337|04010 04020 04114 04210 04310 04370 04650|
564338|04060|
564342|04142|
564360|04020 04080|
564370|03050|
564377|04120|
564379|00190 01100 04260|
564395|04350|
564403|04010 04620|
564424|00100|
564450|00533 00601 01100|
564461|04080|
564465|00230|
564475|00120|
564496|04120 04630|
564497|04621|
564527|04120|
564528|00562 01100 04020 04070|
564533|04110|
564552|00020 00310 00380 01100|
564575|00310|
564584|04012|
564592|00310|
564633|03018|
564649|00061 01100|
564697|00750 01100|
564719|00230 04020 04114 04270 04540 04912 04914 04916|
564731|04142|
564746|00250 00330 00471 00910 01100|
564750|00562 01100 04070|
564758|04080|
564770|04010 04810|
564771|04810|
564799|04010 04530 04810|
564814|04144|
564821|04510 04512|
564832|04080|
564842|02010|
564852|00051|
564854|04620 04622 04623|
564866|04120|
564873|04010|
564874|04060|
564876|04080|
564883|04010 04260|
564899|04010 04120 04622 04912|
564925|00340 00350 00450|
564945|04020 04080|
564967|04110|
564968|00601 00603 01100|
564982|03030 04110|
564991|04120|
565000|03018|
565059|00770 01100|
565109|04144|
565117|00100 00561 01100|
565122|00561 00564 01100 04070|
565130|04370 04510 04810|
565155|04621 04914|
565158|04010 04260|
565173|04010|
565201|00534|
565235|00250 00650 01100|
565237|04080|
565241|04010 04020 04114 04210 04310 04370 04650|
565246|00531 01100 04142|
565256|04080|
565268|04270|
565276|03430|
565304|04020 04080|
565316|00561 00830 01100|
565324|04010 04510 04540 04810|
565370|00140 00350 01100|
565373|04512|
565379|04020 04910|
565383|04012 04120 04144 04630 04910|
565385|00250 04146|
565400|03430|
565402|04510 04512|
565429|04512|
565434|04144|
565446|04530|
565450|04080|
565492|04080|
565498|04120|
565504|00532 01100|
565523|00532|
565531|04514|
565568|04010 04012 04320 04510 04540 04630 04650 04810 04910 04912|
565588|04142|
565617|04514|
565659|03018|
565669|00562 01100 04020 04070|
565677|04310 04340 04916|
565700|00330 01100|
565706|00230|
565714|04310 04340 04916|
565715|04144|
565718|04080|
565743|00564 00565 01100 04144 04912|
565759|04622|
565760|04146|
565771|04310 04810|
565838|04020 04080 04144|
565859|04144|
565876|00120 01100 03320|
565921|04310 04916|
565958|04060|
565969|04110|
565971|00564 01100|
565980|04614|
566017|03018 03040|
566019|00640 01100|
566031|04080|
566065|04146|
566078|00510 01100|
566085|01040|
566088|00240 00983 01100|
566099|04080|
566118|04020 04080 04270|
566120|04144|
566165|00250 00330 00910 01100|
566200|04144 04530|
566207|04144|
566214|04010|
566285|03450|
566313|04270|
566315|04080|
566326|03040|
566351|04010 04020|
566367|02010 04146|
566370|04020|
566409|03030 04110|
566432|04320|
566433|04520 04530 04540|
566441|04120|
566470|04350|
566497|04080|
566506|00531 01100 04142|
566510|00790 01100|
566515|02010|
566516|03410|
566517|00511 04142|
566521|04080|
566527|00510 01100|
566539|00510 01100|
566547|04621|
566563|00600 01100|
566565|00450 00970|
566585|04080|
566612|00910|
566618|04080|
566675|00920|
566690|04110 04114|
566701|04144|
566706|00230 04020 04114 04270 04540 04912 04914 04916|
566708|04060|
566720|04916|
566723|00190 01100 04260|
566735|04114 04140 04150 04810 04910 04914|
566742|04146|
566746|00430 00450 00460 00480 00590 01100|
566758|03440|
566764|04810|
566796|04510 04512|
566797|04144|
566811|04621|
566831|04110|
566841|04110 04310 04330 04350 04520 04630 04916|
566863|00071 01100 03320 04146 04920|
566869|04310 04370 04650|
566871|04144|
566872|00650|
566878|04310|
566888|04080|
566922|04080|
566945|04912|
566947|04622|
566998|00230|
567006|04110|
567051|00230|
567055|04144|
567057|04080|
567071|04110 04114 04914|
567146|04020 04080|
567168|04110|
567170|00565 01100|
567190|04144|
567204|00590 01100|
567212|04020|
567241|04060 04080 04630 04920|
567289|04020 04080|
567333|04142|
567335|04330|
567370|04120|
567375|04910|
567385|04130|
567414|00561 00564|
567438|04010 04260|
567439|04120|
567452|04144|
567460|04210 04620 04622 04623|
567479|04810|
567485|04110|
567490|04520|
567500|04520 04530|
567524|04115 04150 04910|
567542|04060|
567547|00670 00680 01100|
567548|00600 01100|
567592|00600 01100|
567611|04020 04070 04114 04270 04540 04912|
567617|04310 04340|
567620|04514 04530|
567621|04810|
567640|04510 04512|
567720|00531 01100 04142|
567734|00240 01100|
567740|04530|
567746|04310 04916|
567770|04110 04115|
567771|04510 04512|
567794|00512 01100|
567798|00500 01100|
567820|04080|
567833|04010|
567861|00250 00520 01100|
567869|00531 01100|
567874|04012 04510 04810|
567895|04010 04012 04510 04910 04912|
567897|00910|
567899|03022|
567913|00510 01100|
567938|00562 01100 04070|
567940|04080|
567969|04910|
567970|00310|
568001|00010 00030 00051 00052 01100|
568010|04020 04070 04114 04270 04540 04912|
568024|00531 01100 04142|
568033|04512|
568064|04144|
568088|03040|
568126|04020 04080 04540|
568173|04622|
568176|03018|
568184|04340|
568191|04310 04340 04916|
568219|00230|
568225|04010 04260|
568254|04080|
568265|04020|
568269|04020 04080|
568288|00562 01100 04020 04070|
568309|04510 04810|
568315|04310 04370 04650|
568316|04910 04920|
568323|03430|
568332|00970|
568381|00600 01100|
568405|04060 04144|
568406|04020 04080 04540|
568412|04010|
568448|00020 00630 01100|
568482|02010|
568484|04080|
568512|04020|
568518|04310|
568552|04020 04080|
568554|04270|
568593|04512 04514|
568614|04020 04080 04270|
568626|04330|
568641|04330|
568671|04020|
568713|00532|
568726|00230 04020 04114 04270 04540 04912 04914 04916|
568759|04010 04260|
568795|04110 04114 04120 04914|
568800|04144|
568838|04114|
568852|04010 04260|
568880|00561 03320|
568883|03320|
568903|00561 03320|
568915|00512 01100|
568935|04144 04810|
568951|04010 04012 04620 04912|
569014|00430 00450 00460 00480 00590 01100|
569032|04080|
569038|04020 04080|
569040|00562 01100 04020 04070|
569041|00310|
569055|03018|
569063|03060|
569124|04130|
569153|04142|
569190|04060 04350|
569217|04514 04530|
569226|04210 04620|
569240|04144|
569243|04010|
569250|00310|
569298|04142|
569344|04020 04080|
569348|00030 01100|
569353|00534|
569363|00350 01100 04060 04630|
569382|04020 04080|
569386|04514|
569390|04530|
569403|04144|
569407|04142|
569420|04310 04340 04916|
569433|00630 00670 01100|
569473|04110 04114 04120 04914|
569494|00510 01100|
569499|00230 04020 04114 04270 04540 04912 04914 04916|
569510|04020 04270 04510 04810|
569525|03450|
569528|04010 04020|
569532|04144|
569546|04144|
569568|00562 01100 04070|
569575|04114 04914|
569581|00280 00640 01100|
569595|00511|
569603|04120|
569646|04520|
569698|04010 04012 04310 04510 04620 04621 04622 04910 04912 04914 04920|
569706|04020 04910|
569719|04142|
569755|04510 04512|
569768|04080|
569769|00514|
569778|00290 00970|
569793|00190 01100|
569836|04012 04020 04144|
569863|04310 04330 04916|
569930|00600 01100|
569931|04514|
569971|04510 04512|
569980|00280 01100|
569989|00910|
570073|04144|
570106|00010 00030 00051 00052 01100|
570108|04020 04270 04540 04912 04916|
570148|02010 04142|
570189|04080|
570205|03040|
570210|04260|
570238|04010 04620|
570240|04010|
570248|00512 01100|
570288|04010 04510|
570291|04012 04020 04144|
570366|04130|
570368|00330 01100|
570410|04080|
570435|04010 04810|
570437|00230 01100|
570443|00563 01100|
570455|00120 00140|
570457|00280 00350 00380 00750 00760 00982 01100|
570459|00534 01100|
570467|04142|
570474|00230 01100|
570481|04330|
570493|04020 04080|
570577|04510 04512 04810|
570579|00030 00480 01100|
570636|04012|
570652|00230 04114 04270 04540 04912 04914 04916|
570669|04144|
570678|00260 00561 00630 01100|
570683|04010 04020 04260 04270 04912|
570695|00561|
570697|04060|
570770|04621|
570772|04210 04510|
570793|00260|
570828|00510 01100|
570841|04020|
570858|04530|
570866|00770 01100|
570868|04510 04512 04810|
570872|04622 04623|
570897|04142|
570901|03410|
570906|00533 01100|
570913|00040 00053 00140 00500 00830 00860 00980 00982 00983 01100|
570918|04144|
570939|04144|
570965|04140 04622|
570994|03040|
571003|00601 01100|
571011|00230|
571031|04270|
571033|04115|
571123|04080|
571144|00970|
571189|02010|
571193|04010 04260|
571217|04060|
571246|00534|
571256|04520 04810|
571263|00620|
571274|00310|
571285|04010 04114 04150 04914|
571293|04080|
571301|03410|
571331|04621|
571355|00230 01100|
571356|00562 01100 04070|
571365|00480 00980 00982|
571422|04080|
571431|04010 04012 04020 04060 04144 04320 04510 04520 04540 04810 04912|
571441|00040 00500 00531 00860 00983 01100 04142|
571453|04144|
571591|04020 04080 04270|
571626|04144|
571673|04020|
571679|04020 04080 04810|
571738|00564 00565 00590 00591 00592 01100 04010 04270 04370 04912|
571753|04114 04270 04510 04810 04910|
571767|04144|
571773|04080|
571808|04020 04080|
571825|00230 04020 04114 04270 04540 04912 04914 04916|
571834|00230 00240 01100 03030 03410 03420 03430 03440|
571850|00053 00562|
571856|00561 00564 01100 04070|
571865|04310 04370 04650|
571866|04142|
571872|04130|
571876|00514|
571911|00100 01100|
571921|00052 00500 01100 04142|
571952|04130|
571967|00380 01100|
571980|04020 04080 04144|
571984|04510 04512 04810|
572001|04910 04920|
572027|00230 00250 01100|
572040|04080|
572053|00380 01100|
572061|00230|
572068|04144|
572070|00760 01100|
572074|04140 04150 04910 04920|
572106|04310 04340 04916|
572109|03010|
572113|04120|
572134|04320|
572183|04020 04910|
572192|04810|
572193|04514|
572204|04060|
572211|03040|
572258|00230 00240 01100 03020 04623|
572324|00532 00534 01100|
572335|00564 04146|
572348|04510 04512 04810|
572359|04020 04080 04540|
572370|04120|
572378|04010 04060 04144 04350 04520|
572469|04630|
572492|00564 00565 01100 04144 04912|
572518|00330 01100|
572520|00190|
572540|03440|
572649|00310|
572679|03040|
572733|00010 01100|
572841|00561|
572849|00310|
573021|00190 01100|
573047|03018 03040|
573095|03050|
573122|04540|
573207|04916|
573209|04710|
573216|04540|
573376|03040 04010 04144|
573619|00190 01100|
573631|04144|
573644|04514 04530|
573689|00190 01100|
573723|00071 01100|
573829|04114 04320 04914|
573990|04146|
573994|00100 00561 01100|
574009|00790 01100|
574422|04510 04520 04650|
57923|04621 04623|
57924|03018 03040|
57925|04010 04110 04914|
57931|04310|
57933|04621 04623|
57934|04510 04520 04530 04810|
57935|04510 04520 04530 04810|
58016|00860|
58022|04115 04210 04620 04621 04622|
58023|04310 04916|
58025|04110 04114 04115 04914|
58026|04330|
58037|04510 04520 04530 04810|
58038|04130|
58065|04320 04330|
58066|04320 04330|
58068|00020 00620 01100|
58071|04260|
58073|04310 04916|
58074|00350 01100 04916|
58075|04810|
58077|04340|
58080|04310|
58081|04115 04210|
58082|04020|
58092|04110 04310 04350 04520|
58098|04710|
58100|04012 04210 04370 04510 04910|
58101|03010|
58107|04710|
58108|00860|
58117|04310|
58118|04010|
58119|04623|
58120|00230 00240 01100|
58128|03320|
58129|04010 04144 04810|
58130|04210 04622 04920|
58131|04115 04210|
58133|04010 04210|
58141|00230 00670 01100|
58142|04530|
58145|04350|
58147|04020 04080|
58151|04060|
58215|00860 01100|
60632|04310 04340 04916|
60635|04514 04530|
60640|00140 01100|
60658|00330 01100 04020|
606663|00260 01100|
606666|03060|
613246|00051 00520 01100|
619258|00062 01100 04142|
619260|03060|
619269|00250 00260|
619391|04060 04620 04630 04650|
619412|04120 04144|
619520|04340|
641289|03010|
641320|04510 04520 04530 04810|
641321|04130|
641421|04540|
641423|00564 00565 00590 00591 00592 01100 04010 04270 04370 04912|
641476|00190 01100|
641488|00040 00053 00140 00500 00830 00860 00980 00982 00983 01100|
641490|04144|
641491|03022|
641561|04540|
641565|04540|
641566|00190 01100|
641570|00562 01100 04070|
641571|00562 01100 04070|
641572|04144|
641575|04510 04520 04530 04810|
641582|04621|
64263|00790 01100|
64267|04260|
64269|04260|
64272|04260|
64273|04260|
64274|04060 04144|
64278|03050|
64279|03050|
64280|03050|
64281|03050|
64607|00260 00860 01100|
64608|00260 00860 01100|
64609|04260|
64610|04260|
64611|04260|
64612|04260|
64616|04260|
64617|04080|
64698|04350|
64815|00140 01100|
64885|04144 04514|
65088|04080|
65223|04080|
65225|04142|
65226|03030 03420 03430 03440|
65229|04310 04330|
65230|04310 04330|
65236|04010 04012 04310 04510 04620 04621 04622 04910 04912 04914 04920|
65237|04010 04370 04620 04621 04622 04912 04914|
65239|04010 04620 04912|
654336|04514 04672|
654692|04060|
654826|04060 04630 04672|
664741|00562 01100 04070|
664750|00860 01100|
664761|04350|
664765|00785 01100|
664773|04144|
677660|00830|
677750|04510 04530 04810|
677758|03010|
678512|04060 04150 04510|
678518|04520 04810|
678522|00561 00564|
678540|00052 00520 01100|
678558|00051 00730 00740 01100|
678610|04010|
678614|01040|
678619|04910 04920|
678622|04060|
678623|04142|
678633|04114|
678634|00270 00450 01100|
678649|04310 04330|
692064|04330|
692065|04010 04810|
692256|00230 00240 01100 03030 03410 03420 03430 03440|
692273|04514|
692289|04620 04622 04623|
692325|04120|
692329|00970|
692331|04810|
723997|00480 00980 00982|
724006|00510 01100|
724010|00561 00564 01100 04070|
735250|03010|
735292|04810|
735295|04010 04060 04210 04650|
735302|04020 04080|
735303|04020 04080|
735312|02010|
751093|00350 00360|
751108|04310|
751109|04060 04630|
751596|00040 01100|
751628|00564|
751629|00310|
751630|04270 04310 04350 04510 04520 04530 04810|
751632|03018|
751635|00510 01100|
751638|00190 01100 04260|
751641|00520|
751644|04310 04340 04916|
751653|00604 01100|
751691|00130 01100|
751694|03010|
751713|03420|
751715|03320 04920|
751723|03010|
751727|04130|
751729|03040|
751732|00860 00970 01100|
751765|04115|
751784|04020 04080 04540|
751785|00010 00340 00350 00360 00980 00982 01100|
767645|04115 04210|
767660|04622|
767661|00860|
767667|04144|
767670|04144|
767675|00563 01100|
767678|04630|
767685|04210 04910|
767715|00140|
767746|04540|
767748|02010 04146|
767750|00190 01100|
767751|04110 04115 04914|
767760|04142|
767764|00190 01100|
767765|03010|
767777|04514|
767781|04150 04910|
767785|03010|
767790|04010 04510 04540 04810|
767806|04540|
768119|03018|
768121|04910|
768123|00052 00510 00533 00601 01100|
768131|00310|
768140|04110 04114 04120 04914|
768161|04110|
768183|04080|
768185|00100 00140 01100|
768196|00620 01100|
768248|04010 04060 04115 04210 04650|
777624|00561 00564|
777632|00280 01100|
777635|00310|
777696|04621|
777716|00562 01100 04070|
777728|04010 04114 04150 04914|
777730|04110 04115 04530|
777731|04144|
777733|04110|
777735|04010 04810|
777738|04144|
777760|04340|
777766|03320|
780844|00511 00600|
79079|04114 04320 04914|
790914|00532 01100|
790916|00562|
790922|00531 01100 04142|
790924|03040|
790934|04010 04370|
790944|04920|
791107|00534|
791130|00052 00520 01100|
791138|04114|
791145|00230|
791153|04144|
791159|00531 01100 04142|
791164|04514|
791167|00270 00450 01100|
791169|04916|
791188|00534|
791189|00531 01100|
791194|03410|
791202|04120|
791448|00790 01100|
791454|04310|
791461|03018|
791475|00910|
791518|00860|
791563|04310 04340 04916|
791584|00260 00330 00472 01100 04146|
791610|03320|
791635|04144|
791647|00230 00240 00760 01100|
791704|04060|
791713|04144|
791728|00520|
791759|00563 01100|
791775|00750 01100|
791855|04012 04020 04114 04310 04912 04916|
791915|00565|
791916|04010 04115 04210 04650|
791921|00190 01100|
791924|04144|
791973|04060|
791982|04142 04620|
791999|00340 00350 00450|
792020|01040 03320|
792041|00590 01100|
792188|00230 00240 01100 03020|
792190|00280 01100|
792229|04144|
792245|04540|
792258|00230 00240 01100 03020|
792268|00052 00520 01100|
792352|00230 04020 04114 04270 04540 04912 04914 04916|
792354|04010 04012 04150 04210 04370 04510 04530 04620 04630 04910 04914 04920|
792398|04120|
792404|04310|
792468|04210 04510|
792492|04514 04530|
792506|00040 00053 00140 00500 00830 00860 00980 00982 00983 01100|
792508|04514|
792519|04020 04080 04144 04540|
792524|00534|
792527|00562 01100 04070|
792590|04080|
792619|04621|
792631|04120|
792689|04150|
792692|00010 00030 00051 01100|
792699|04010 04310 04370 04510 04520 04620 04650 04810|
792787|00970|
792824|00630 01100|
792828|04144 04530|
792900|04330|
792915|04144|
792928|04010 04144 04350 04520|
792966|04142 04614|
792983|04260|
792998|04146|
793027|03040|
793046|00511 00600|
793086|04510 04650 04810|
793097|00970|
793137|00564|
793143|04514 04530|
793148|04060|
793150|04144|
793158|04010 04144 04370 04510 04520 04530 04810 04912|
793200|04140|
793249|00140 01100|
793274|04910|
793290|04630|
793294|00600 01100|
793315|04080|
793334|04080|
793336|04010|
793359|04012 04020 04114 04310 04912 04916|
793362|00533 00601 01100|
793414|03440|
793466|04510 04540 04810|
793479|04060|
793524|00534 01100|
793607|04012 04510 04810|
793609|00340 01100|
793635|00604 01100|
793648|04010 04310 04370 04510 04520 04620 04650 04810|
793668|04080|
793671|00532 01100|
793708|04010 04020 04260 04270 04912|
793735|00600 01100|
793756|04080|
79380|04150 04910|
793819|04060 04514 04672|
79381|00480 00980 00982|
793834|00062 00071 00280 00310 00380 00410 00640 00650 00903 01040 01100|
793862|04010 04310 04370 04510 04520 04620 04650 04810|
793882|04144|
793897|03050|
793906|04146|
793920|04060 04144 04630|
793926|00561 01100 04622|
793939|04120|
793949|04810|
793952|04010|
794088|00562 04070 04115 04510 04530|
794151|03060|
794215|04020 04080 04144 04810|
794221|04310|
794222|04010 04260|
794255|04080|
794278|04020 04080 04144 04810|
794311|00982|
794365|04020 04080 04144 04810|
794381|00232 00983 01100|
794400|04144|
794525|04020 04270 04510 04810|
794545|04146|
794574|04010 04020 04114 04210 04310 04370 04650|
794575|04020 04080 04270 04614|
794598|00561 00564 00565 00600 01100|
794649|04080|
794666|04020 04070 04114 04270 04540 04912|
794667|00330 01100|
794689|04350|
794698|04080|
794715|04080|
794862|04144|
794881|04350 04510 04512|
794892|04320 04330|
795056|00970|
795095|03410|
795135|04260 04810|
795154|03060|
795246|04080|
795311|04080|
795400|00100 01100|
795492|04010 04260|
795505|04144|
795517|04010 04114 04810 04914|
795522|04110 04350|
795534|04530|
795635|04120|
795670|04530|
795671|04620|
795732|04130|
795752|04510|
795753|04080|
795766|04010 04210 04672|
795901|00500|
795916|04142|
795917|04510 04520 04530 04810|
795933|04140|
796025|00270 01100|
796190|04060 04920|
796249|02010|
796295|00510 00563 01100|
796318|04340|
796345|04144|
796370|04060|
796384|00900 01100|
796388|03040|
796410|00601 00603 01100|
796425|04621|
796436|00052|
796456|00230 00240 01100 03030 03410 03420 03430 03440|
796461|04012|
796473|04115|
796481|04514|
796490|04010 04510 04540 04810|
796523|03040|
796527|04260 04810|
796537|04060 04144 04510|
796547|04120|
796560|04810|
796604|04060 04144 04630|
796724|04060 04144|
796753|04270|
796815|04010 04310 04370 04510 04520 04620 04650 04810|
796865|00260 00330 01100|
796867|04010 04144|
796931|04144|
797063|00190 01100|
797095|04140 04150|
797126|04514|
797187|04144|
797188|04060|
797199|04020|
797309|00590 00591 01100|
797354|04110 04114|
797406|04110 04114|
797409|04010 04260|
797422|04144|
797457|04140|
797512|00510 00533 01100|
797549|00512 01100|
797628|04810|
797658|04010|
797715|00020 00310 00380 01100|
797853|04120|
797914|00600 01100|
797978|04020 04270 04540 04912 04916|
798001|04080|
798084|04650|
798119|04060|
798146|03410|
798185|04010 04012 04020 04060 04144 04320 04510 04520 04540 04810 04912|
798191|04060|
798197|04330|
798222|04012 04020 04114 04310 04912 04916|
798229|04630|
798291|00190 01100|
798292|00670|
798347|04142|
798351|03022|
798352|04110 04114 04120 04914|
798361|04142|
798364|00280 00410 00640 01100|
798365|00230 00240 00760 01100|
798408|04010|
798445|04210|
798489|00512 01100|
798498|04020 04080 04270|
798516|04144|
798527|02010|
798565|04020|
798574|04916|
798583|04270|
798606|01040|
798632|04270|
798657|04010 04510 04540 04810|
798689|04080|
798696|04320 04330|
798740|04060|
798751|04510 04530 04810|
798771|04010|
798788|00480 00590|
798791|04080|
798846|03040 04010 04144|
798873|04060|
798892|04060 04620|
798901|04144|
798918|00270 00450 01100|
798942|03050|
798974|00760 01100|
798997|03022|
798998|04512|
799015|04110|
799047|00604 01100|
799058|03050|
799082|04020 04080 04144 04810|
799092|01100 04010 04210 04620 04621 04622 04623 04920|
799124|04080|
799153|04142|
799156|04020 04080 04144 04810|
799227|04020 04080 04144 04810|
799278|00564 00565 01100 04144 04912|
799288|00480 00980 00982|
799352|04350|
799354|04060 04672|
799415|00534 01100|
799449|00230 00240 00760 01100|
799475|04060 04630|
799492|00330 01100|
799528|00100 01100|
799608|04110 04115 04310 04510 04630|
799612|04060 04080 04630|
799638|00750 01100|
799805|00010 00561 01100|
799867|04514 04520 04910|
799942|00230|
799963|00250 01100|
799964|00590 01100|
799977|04142 04144|
80374|00140 01100|
80872|00270 00330 00410 00480 01100|
80939|00230 00450 00920 01100|
80955|04115 04120 04310|
80959|04144 04530|
80972|04310 04330 04916|
80973|04110 04114 04115 04540 04914|
81540|00240 00670 01100|
81541|00190 01100|
81580|04514 04530|
81581|04514 04530|
81582|04514 04530|
81583|04514 04530|
81584|04514 04530|
81585|04514 04530|
81586|04514 04530|
81587|04514 04530|
81589|04514 04530|
81590|04514 04530|
81591|04514 04530|
81592|04514 04530|
81882|00670 00790 01100|
81886|04080|
83413|04080|
83774|04710|
83917|03050|
84039|00830 01100|
84702|00860|
